6912 [6909, 1, -1, -1]
5 [4, 1]
12 [1, 1, 1, 1, 1, 1, 1, 1, 1, 1, 1, -1]
38 [33, 5]
24 [8, 6, 3, 2, 1, 1, -1, -1, -1]
80 [62, 4, 3, 2, 1, 1, 1, 1, 1, 1, 1, -1, -1]
4 [2, 1, -1]
1 [1]
6 [2, 1, 1, 1, -1]
28 [10, 5, 2, 1, 1, 1, 1, 1, 1, -1, -1, -1, -1, -1]
17 [5, 2, 1, 1, 1, 1, 1, 1, 1, 1, 1, -1]
16 [14, 1, -1]
119 [118, -1]
94 [11, 7, 5, 3, 2, 2, 1, 1, 1, 1, 1, 1, 1, 1, 1, 1, 1, 1, 1, 1, 1, 1, 1, 1, 1, 1, 1, 1, 1, 1, 1, 1, 1, 1, 1, 1, 1, 1, 1, 1, 1, 1, 1, 1, 1, 1, 1, 1, 1, 1, 1, 1, -1, -1, -1, -1, -1, -1, -1, -1, -1, -1, -1, -1, -1, -1, -1, -1, -1, -1]
1 [1]
1 [1]
1 [1]
1 [1]
4 [1, 1, 1, -1]
2 [1, -1]
8 [1, 1, 1, 1, 1, -1, -1, -1]
3 [2, 1]
1 [1]
1 [1]
1 [1]
1 [1]
1 [1]
1 [1]
2 [1, 1]
1 [1]
1 [1]
2 [-1, -1]
1 [1]
8 [1, 1, 1, -1, -1, -1, -1, -1]
2 [1, -1]
1 [1]
1 [1]
1 [1]
1 [1]
1 [1]
1 [1]
1 [1]
1 [1]
1 [1]
1 [1]
1 [1]
1 [1]
1 [1]
1 [1]
1 [1]
1 [1]
1 [1]
1 [1]
1 [1]
1 [1]
1 [1]
1 [1]
1 [1]
1 [1]
1 [1]
1 [1]
1 [1]
1 [1]
1 [1]
1 [1]
1 [1]
1 [1]
1 [1]
1 [1]
1 [1]
1 [1]
1 [1]
1 [1]
1 [1]
1 [1]
1 [1]
1 [1]
1 [1]
1 [1]
1 [1]
