66 [48, 6, 4, 1, 1, -1, -1, -1, -1, -1, -1]
1 [1]
1 [1]
5 [3, 2]
1 [1]
38 [37, 1]
1 [1]
2566 [852, 767, 176, 163, 151, 141, 28, 23, 21, 17, 13, 10, 10, 10, 8, 7, 6, 6, 5, 5, 5, 4, 4, 4, 4, 4, 4, 4, 3, 3, 3, 3, 2, 2, 2, 2, 2, 2, 2, 2, 2, 2, 2, 2, 2, 2, 2, 1, 1, 1, 1, 1, 1, 1, 1, 1, 1, 1, 1, 1, 1, 1, 1, 1, 1, 1, 1, 1, 1, 1, 1, 1, 1, 1, 1, 1, 1, 1, 1, 1, 1, 1, 1, 1, 1, 1, 1, 1, 1, 1, 1, 1, 1, 1, 1, 1, 1, 1, -1, -1, -1, -1, -1, -1, -1, -1, -1, -1, -1, -1, -1, -1, -1, -1, -1, -1, -1, -1, -1]
713 [616, 38, 8, 5, 4, 3, 3, 2, 2, 2, 2, 1, 1, 1, 1, 1, 1, 1, 1, 1, 1, 1, 1, 1, 1, 1, 1, 1, 1, -1, -1, -1, -1, -1, -1, -1, -1, -1, -1]
1 [1]
1 [1]
1 [1]
179 [128, 23, 12, 3, 2, 1, 1, 1, 1, 1, -1, -1, -1, -1, -1, -1]
7 [3, 1, 1, 1, -1]
1 [1]
6 [4, 2]
1 [1]
2 [-1, -1]
1 [1]
1 [1]
65 [57, 1, 1, 1, 1, 1, -1, -1, -1]
5 [1, 1, 1, 1, -1]
2 [1, -1]
4 [1, 1, 1, -1]
5 [1, 1, 1, 1, 1]
14 [10, 4]
1 [1]
1 [1]
34 [3, 3, 3, 2, 1, 1, 1, 1, 1, 1, 1, 1, 1, 1, 1, 1, -1, -1, -1, -1, -1, -1, -1, -1, -1, -1, -1]
1 [1]
1 [1]
11 [3, 2, 1, 1, 1, 1, -1, -1]
1 [1]
1 [1]
2 [1, 1]
1 [1]
1 [1]
1 [1]
5 [2, 1, 1, -1]
12 [3, 1, 1, 1, 1, 1, 1, 1, -1, -1]
1 [1]
4 [1, 1, -1, -1]
1 [1]
2 [-1, -1]
1 [1]
1 [1]
1 [1]
1 [1]
1 [1]
5 [1, 1, -1, -1, -1]
2 [1, -1]
1 [1]
18 [1, 1, 1, 1, -1, -1, -1, -1, -1, -1, -1, -1, -1, -1, -1, -1, -1, -1]
1 [1]
1 [1]
1 [1]
1 [1]
1 [1]
2 [1, -1]
2 [-1, -1]
1 [1]
1 [1]
1 [1]
1 [1]
1 [1]
1 [1]
1 [1]
1 [1]
1 [1]
1 [1]
1 [1]
1 [1]
1 [1]
1 [1]
1 [1]
1 [1]
1 [1]
1 [1]
1 [1]
1 [1]
1 [1]
1 [1]
1 [1]
1 [1]
1 [1]
1 [1]
1 [1]
1 [1]
1 [1]
1 [1]
1 [1]
1 [1]
1 [1]
1 [1]
1 [1]
1 [1]
1 [1]
