1593 [1043, 296, 150, 60, 12, 9, 7, 4, 2, 1, 1, 1, 1, -1, -1, -1, -1, -1, -1]
5611 [5433, 24, 17, 15, 6, 4, 3, 3, 2, 2, 2, 2, 2, 2, 2, 2, 1, 1, 1, 1, 1, 1, 1, 1, 1, 1, 1, 1, 1, 1, 1, 1, 1, 1, 1, 1, 1, 1, 1, 1, 1, 1, 1, 1, 1, 1, 1, 1, 1, 1, 1, 1, 1, 1, 1, 1, 1, 1, 1, 1, 1, 1, 1, 1, 1, 1, 1, 1, 1, 1, 1, 1, 1, 1, 1, 1, 1, 1, 1, 1, 1, 1, 1, 1, 1, 1, 1, -1, -1, -1, -1, -1, -1, -1, -1, -1, -1, -1, -1, -1, -1, -1, -1, -1, -1, -1]
115 [48, 31, 11, 9, 8, 2, 1, 1, 1, 1, 1, -1]
11 [3, 1, 1, 1, 1, -1, -1, -1, -1]
43 [5, 2, 1, 1, 1, 1, 1, 1, 1, 1, 1, 1, 1, 1, 1, 1, 1, 1, 1, 1, 1, 1, 1, 1, 1, 1, -1, -1, -1, -1, -1, -1, -1, -1, -1, -1, -1, -1]
1 [1]
6 [5, -1]
1 [1]
5 [2, 1, 1, 1]
1 [1]
3 [1, -1, -1]
1 [1]
182 [180, 1, 1]
1 [1]
1 [1]
1 [1]
1 [1]
