11 [10, 1]
14 [6, 6, 2]
3570 [3360, 149, 9, 8, 6, 2, 1, 1, 1, 1, 1, 1, 1, 1, 1, 1, 1, 1, 1, 1, 1, 1, 1, 1, 1, 1, 1, 1, 1, 1, 1, -1, -1, -1, -1, -1, -1, -1, -1, -1, -1, -1]
1 [1]
539 [538, -1]
1 [1]
14 [9, 5]
121 [20, 18, 15, 3, 3, 2, 2, 2, 1, 1, 1, 1, 1, 1, 1, 1, 1, 1, 1, 1, 1, 1, 1, 1, 1, 1, 1, 1, 1, 1, 1, 1, 1, 1, 1, 1, 1, -1, -1, -1, -1, -1, -1, -1, -1, -1, -1, -1, -1, -1, -1, -1, -1, -1, -1, -1, -1, -1, -1, -1, -1, -1, -1, -1]
113 [95, 15, 2, 1]
1 [1]
5 [2, 1, 1, -1]
1 [1]
144 [24, 14, 12, 6, 4, 3, 3, 2, 2, 2, 2, 1, 1, 1, 1, 1, 1, 1, 1, 1, 1, 1, 1, 1, 1, 1, 1, 1, 1, 1, 1, 1, 1, 1, 1, 1, 1, 1, 1, 1, 1, 1, 1, 1, 1, 1, 1, 1, 1, 1, 1, 1, 1, 1, 1, 1, -1, -1, -1, -1, -1, -1, -1, -1, -1, -1, -1, -1, -1, -1, -1, -1, -1, -1, -1, -1, -1, -1, -1, -1, -1]
13 [5, 4, 3, 1]
230 [201, 25, 4]
1 [1]
6 [3, 1, -1, -1]
1 [1]
94 [46, 27, 12, 2, 1, 1, 1, 1, -1, -1, -1]
207 [161, 25, 6, 3, 2, 1, 1, 1, 1, 1, 1, 1, 1, -1, -1]
1 [1]
2 [1, 1]
1 [1]
1 [1]
1 [1]
1 [1]
2 [-1, -1]
1 [1]
129 [12, 4, 4, 4, 3, 3, 2, 2, 2, 2, 1, 1, 1, 1, 1, 1, 1, 1, 1, 1, 1, 1, 1, 1, 1, 1, 1, 1, 1, 1, 1, 1, 1, 1, 1, 1, 1, 1, 1, 1, 1, 1, 1, 1, 1, 1, 1, 1, 1, 1, 1, 1, 1, -1, -1, -1, -1, -1, -1, -1, -1, -1, -1, -1, -1, -1, -1, -1, -1, -1, -1, -1, -1, -1, -1, -1, -1, -1, -1, -1, -1, -1, -1, -1, -1, -1, -1, -1, -1, -1, -1, -1, -1, -1, -1, -1, -1, -1, -1, -1, -1]
3 [2, 1]
1 [1]
3 [1, 1, -1]
4 [3, -1]
16 [6, 2, 1, 1, 1, 1, 1, 1, 1, 1]
94 [7, 6, 4, 4, 4, 4, 3, 3, 3, 2, 2, 2, 2, 2, 2, 2, 1, 1, 1, 1, 1, 1, 1, 1, 1, 1, 1, 1, 1, 1, 1, 1, 1, 1, 1, 1, 1, 1, 1, 1, 1, 1, 1, 1, 1, 1, 1, 1, -1, -1, -1, -1, -1, -1, -1, -1, -1, -1]
6 [5, 1]
9 [6, 1, 1, -1]
1 [1]
1 [1]
1 [1]
124 [108, 5, 1, 1, 1, 1, 1, 1, 1, -1, -1, -1, -1]
2 [1, 1]
2 [1, -1]
2 [1, -1]
1 [1]
3 [1, 1, -1]
1 [1]
1 [1]
1 [1]
2 [1, 1]
1 [1]
4 [1, -1, -1, -1]
1 [1]
2 [1, -1]
10 [1, 1, 1, 1, 1, 1, 1, -1, -1, -1]
335 [11, 7, 5, 5, 4, 3, 3, 3, 3, 3, 3, 3, 2, 2, 2, 2, 2, 2, 2, 2, 2, 2, 1, 1, 1, 1, 1, 1, 1, 1, 1, 1, 1, 1, 1, 1, 1, 1, 1, 1, 1, 1, 1, 1, 1, 1, 1, 1, 1, 1, 1, 1, 1, 1, 1, 1, 1, 1, 1, 1, 1, 1, 1, 1, 1, 1, 1, 1, 1, 1, 1, 1, 1, 1, 1, 1, 1, 1, 1, 1, 1, 1, 1, 1, 1, 1, 1, 1, 1, 1, 1, 1, 1, 1, 1, 1, 1, 1, 1, 1, 1, 1, 1, 1, 1, 1, 1, 1, 1, 1, 1, 1, 1, 1, 1, 1, 1, 1, 1, 1, 1, 1, 1, 1, 1, 1, 1, 1, 1, 1, 1, 1, 1, 1, 1, 1, 1, 1, 1, 1, 1, 1, 1, 1, 1, 1, 1, 1, 1, 1, 1, 1, 1, 1, 1, 1, 1, 1, 1, 1, 1, 1, 1, 1, 1, 1, 1, 1, 1, 1, 1, 1, 1, 1, 1, 1, 1, 1, 1, 1, 1, 1, 1, 1, 1, -1, -1, -1, -1, -1, -1, -1, -1, -1, -1, -1, -1, -1, -1, -1, -1, -1, -1, -1, -1, -1, -1, -1, -1, -1, -1, -1, -1, -1, -1, -1, -1, -1, -1, -1, -1, -1, -1, -1, -1, -1, -1, -1, -1, -1, -1, -1, -1, -1, -1, -1, -1, -1, -1, -1, -1, -1, -1, -1, -1, -1, -1, -1, -1, -1, -1, -1, -1, -1, -1, -1, -1, -1, -1, -1, -1, -1, -1, -1, -1, -1, -1, -1, -1, -1, -1, -1, -1, -1, -1, -1, -1, -1, -1, -1, -1, -1, -1, -1]
1 [1]
1 [1]
1 [1]
28 [8, 1, 1, 1, 1, 1, 1, 1, 1, 1, 1, 1, 1, -1, -1, -1, -1, -1, -1, -1, -1]
1 [1]
5 [1, 1, 1, -1, -1]
4 [1, -1, -1, -1]
2 [1, -1]
44 [11, 9, 2, 2, 1, 1, 1, 1, 1, 1, 1, 1, 1, 1, 1, 1, 1, 1, -1, -1, -1, -1, -1, -1]
1 [1]
13 [9, 3, 1]
8 [1, 1, 1, 1, 1, 1, 1, -1]
1 [1]
2 [1, 1]
1 [1]
56 [10, 4, 3, 3, 2, 2, 2, 2, 2, 1, 1, 1, 1, 1, 1, 1, 1, 1, 1, 1, 1, 1, 1, 1, 1, 1, 1, -1, -1, -1, -1, -1, -1, -1, -1]
1 [1]
1 [1]
1 [1]
1 [1]
2 [1, -1]
3 [2, 1]
6 [1, 1, 1, -1, -1, -1]
1 [1]
7 [1, 1, 1, 1, -1, -1, -1]
27 [22, 1, 1, -1, -1, -1]
1 [1]
142 [16, 7, 6, 6, 4, 4, 3, 3, 2, 2, 2, 2, 1, 1, 1, 1, 1, 1, 1, 1, 1, 1, 1, 1, 1, 1, 1, 1, 1, 1, 1, 1, 1, 1, 1, 1, 1, 1, 1, 1, 1, 1, 1, 1, 1, 1, 1, 1, 1, 1, 1, 1, 1, 1, 1, 1, 1, 1, 1, 1, 1, -1, -1, -1, -1, -1, -1, -1, -1, -1, -1, -1, -1, -1, -1, -1, -1, -1, -1, -1, -1, -1, -1, -1, -1, -1, -1, -1, -1, -1, -1, -1, -1, -1, -1, -1, -1]
2 [1, -1]
3 [1, 1, 1]
15 [1, 1, 1, 1, 1, 1, 1, 1, -1, -1, -1, -1, -1, -1, -1]
1 [1]
4 [3, 1]
1 [1]
2 [1, -1]
24 [23, -1]
1 [1]
1 [1]
5 [1, 1, 1, -1, -1]
75 [4, 2, 2, 2, 2, 2, 2, 2, 1, 1, 1, 1, 1, 1, 1, 1, 1, 1, 1, 1, 1, 1, 1, 1, 1, 1, 1, 1, 1, 1, 1, 1, 1, 1, 1, 1, 1, -1, -1, -1, -1, -1, -1, -1, -1, -1, -1, -1, -1, -1, -1, -1, -1, -1, -1, -1, -1, -1, -1, -1, -1, -1, -1, -1, -1]
9 [5, 1, 1, 1, 1]
4 [2, 1, -1]
1 [1]
1 [1]
2 [1, -1]
3 [1, 1, -1]
3 [2, 1]
1 [1]
29 [4, 1, 1, 1, 1, 1, 1, 1, 1, 1, 1, 1, 1, 1, 1, 1, 1, 1, 1, 1, -1, -1, -1, -1, -1, -1]
1 [1]
1 [1]
2 [1, -1]
5 [1, 1, -1, -1, -1]
1 [1]
2 [1, -1]
1 [1]
1 [1]
8 [1, 1, 1, 1, 1, 1, -1, -1]
1 [1]
5 [1, 1, 1, -1, -1]
1 [1]
1 [1]
1 [1]
1 [1]
2 [1, -1]
1 [1]
1 [1]
1 [1]
1 [1]
1 [1]
3 [1, -1, -1]
1 [1]
2 [1, -1]
2 [-1, -1]
1 [1]
2 [1, -1]
1 [1]
1 [1]
2 [1, -1]
1 [1]
1 [1]
1 [1]
1 [1]
3 [1, 1, 1]
1 [1]
2 [1, 1]
1 [1]
1 [1]
5 [1, 1, 1, 1, -1]
2 [-1, -1]
2 [1, -1]
22 [1, 1, 1, 1, 1, 1, 1, 1, -1, -1, -1, -1, -1, -1, -1, -1, -1, -1, -1, -1, -1, -1]
2 [1, -1]
3 [1, -1, -1]
2 [1, 1]
1 [1]
3 [1, 1, -1]
1 [1]
4 [1, 1, -1, -1]
1 [1]
1 [1]
15 [1, 1, 1, 1, 1, 1, 1, 1, -1, -1, -1, -1, -1, -1, -1]
4 [1, 1, 1, -1]
7 [1, 1, 1, 1, -1, -1, -1]
1 [1]
1 [1]
1 [1]
45 [5, 1, 1, 1, 1, 1, 1, 1, 1, 1, 1, 1, 1, 1, 1, 1, 1, 1, 1, 1, 1, 1, 1, 1, 1, 1, 1, 1, 1, 1, -1, -1, -1, -1, -1, -1, -1, -1, -1, -1, -1]
19 [1, 1, 1, 1, 1, 1, 1, 1, 1, 1, 1, 1, 1, -1, -1, -1, -1, -1, -1]
1 [1]
1 [1]
1 [1]
5 [1, 1, 1, -1, -1]
2 [-1, -1]
1 [1]
4 [3, -1]
2 [1, 1]
2 [1, -1]
1 [1]
1 [1]
1 [1]
10 [2, 1, 1, -1, -1, -1, -1, -1, -1]
2 [1, -1]
3 [1, 1, 1]
3 [1, 1, -1]
14 [1, 1, 1, 1, 1, 1, 1, 1, 1, -1, -1, -1, -1, -1]
2 [1, 1]
2 [1, 1]
1 [1]
3 [1, 1, -1]
1 [1]
1 [1]
3 [1, 1, 1]
1 [1]
1 [1]
1 [1]
5 [1, 1, 1, 1, 1]
2 [-1, -1]
2 [1, 1]
1 [1]
2 [1, 1]
2 [1, -1]
1 [1]
1 [1]
1 [1]
2 [1, 1]
1 [1]
2 [-1, -1]
3 [2, -1]
1 [1]
2 [-1, -1]
1 [1]
2 [1, 1]
1 [1]
1 [1]
1 [1]
2 [1, 1]
1 [1]
3 [1, 1, -1]
3 [1, -1, -1]
3 [1, -1, -1]
2 [1, -1]
1 [1]
2 [-1, -1]
2 [1, -1]
1 [1]
1 [1]
1 [1]
1 [1]
1 [1]
1 [1]
3 [1, -1, -1]
1 [1]
1 [1]
1 [1]
1 [1]
1 [1]
1 [1]
2 [1, 1]
1 [1]
1 [1]
1 [1]
2 [1, -1]
5 [1, 1, -1, -1, -1]
2 [1, -1]
1 [1]
1 [1]
1 [1]
1 [1]
1 [1]
2 [1, -1]
2 [-1, -1]
1 [1]
2 [1, -1]
1 [1]
2 [1, -1]
1 [1]
1 [1]
1 [1]
1 [1]
2 [1, -1]
1 [1]
1 [1]
1 [1]
3 [1, 1, 1]
2 [1, -1]
2 [1, -1]
2 [1, 1]
1 [1]
1 [1]
1 [1]
1 [1]
1 [1]
3 [1, -1, -1]
2 [-1, -1]
1 [1]
1 [1]
1 [1]
1 [1]
2 [1, 1]
1 [1]
1 [1]
1 [1]
1 [1]
1 [1]
1 [1]
1 [1]
1 [1]
1 [1]
3 [-1, -1, -1]
1 [1]
1 [1]
1 [1]
1 [1]
1 [1]
2 [1, -1]
1 [1]
2 [1, 1]
1 [1]
1 [1]
1 [1]
2 [1, -1]
1 [1]
2 [1, -1]
1 [1]
1 [1]
1 [1]
1 [1]
1 [1]
1 [1]
1 [1]
1 [1]
1 [1]
1 [1]
1 [1]
1 [1]
1 [1]
1 [1]
1 [1]
1 [1]
1 [1]
1 [1]
2 [1, -1]
1 [1]
1 [1]
1 [1]
1 [1]
1 [1]
1 [1]
1 [1]
1 [1]
1 [1]
1 [1]
1 [1]
5 [1, 1, -1, -1, -1]
2 [1, -1]
1 [1]
1 [1]
1 [1]
1 [1]
1 [1]
1 [1]
1 [1]
1 [1]
1 [1]
1 [1]
1 [1]
1 [1]
1 [1]
1 [1]
1 [1]
1 [1]
1 [1]
1 [1]
1 [1]
1 [1]
1 [1]
1 [1]
1 [1]
2 [1, -1]
1 [1]
1 [1]
1 [1]
1 [1]
1 [1]
1 [1]
1 [1]
1 [1]
1 [1]
1 [1]
1 [1]
1 [1]
1 [1]
1 [1]
1 [1]
1 [1]
1 [1]
1 [1]
1 [1]
1 [1]
1 [1]
1 [1]
1 [1]
1 [1]
1 [1]
1 [1]
1 [1]
1 [1]
1 [1]
1 [1]
1 [1]
1 [1]
1 [1]
1 [1]
1 [1]
1 [1]
1 [1]
1 [1]
1 [1]
1 [1]
1 [1]
1 [1]
1 [1]
1 [1]
1 [1]
1 [1]
1 [1]
1 [1]
1 [1]
1 [1]
1 [1]
1 [1]
1 [1]
1 [1]
1 [1]
1 [1]
1 [1]
1 [1]
1 [1]
1 [1]
1 [1]
1 [1]
1 [1]
1 [1]
1 [1]
1 [1]
1 [1]
1 [1]
1 [1]
1 [1]
1 [1]
1 [1]
1 [1]
1 [1]
1 [1]
1 [1]
1 [1]
1 [1]
1 [1]
1 [1]
1 [1]
1 [1]
1 [1]
1 [1]
1 [1]
1 [1]
1 [1]
1 [1]
1 [1]
1 [1]
1 [1]
1 [1]
1 [1]
1 [1]
1 [1]
1 [1]
1 [1]
1 [1]
1 [1]
1 [1]
1 [1]
1 [1]
1 [1]
1 [1]
1 [1]
1 [1]
1 [1]
1 [1]
1 [1]
1 [1]
1 [1]
1 [1]
1 [1]
1 [1]
1 [1]
1 [1]
1 [1]
1 [1]
1 [1]
1 [1]
1 [1]
1 [1]
1 [1]
1 [1]
1 [1]
1 [1]
1 [1]
1 [1]
1 [1]
1 [1]
1 [1]
1 [1]
1 [1]
1 [1]
1 [1]
1 [1]
1 [1]
1 [1]
1 [1]
1 [1]
1 [1]
1 [1]
1 [1]
1 [1]
1 [1]
1 [1]
1 [1]
1 [1]
1 [1]
1 [1]
1 [1]
1 [1]
1 [1]
1 [1]
1 [1]
1 [1]
1 [1]
1 [1]
1 [1]
1 [1]
1 [1]
1 [1]
1 [1]
1 [1]
1 [1]
1 [1]
1 [1]
1 [1]
1 [1]
1 [1]
1 [1]
1 [1]
1 [1]
1 [1]
1 [1]
1 [1]
1 [1]
1 [1]
1 [1]
1 [1]
1 [1]
1 [1]
1 [1]
1 [1]
1 [1]
1 [1]
1 [1]
1 [1]
1 [1]
1 [1]
1 [1]
1 [1]
1 [1]
1 [1]
1 [1]
1 [1]
1 [1]
1 [1]
1 [1]
1 [1]
1 [1]
1 [1]
1 [1]
1 [1]
1 [1]
1 [1]
1 [1]
1 [1]
1 [1]
1 [1]
1 [1]
1 [1]
1 [1]
1 [1]
1 [1]
1 [1]
1 [1]
1 [1]
1 [1]
1 [1]
1 [1]
1 [1]
1 [1]
1 [1]
1 [1]
1 [1]
1 [1]
1 [1]
1 [1]
1 [1]
1 [1]
1 [1]
1 [1]
1 [1]
1 [1]
1 [1]
1 [1]
1 [1]
1 [1]
1 [1]
1 [1]
1 [1]
1 [1]
1 [1]
1 [1]
1 [1]
1 [1]
1 [1]
1 [1]
1 [1]
1 [1]
1 [1]
1 [1]
1 [1]
1 [1]
1 [1]
1 [1]
1 [1]
1 [1]
1 [1]
1 [1]
1 [1]
1 [1]
1 [1]
1 [1]
1 [1]
1 [1]
1 [1]
1 [1]
1 [1]
1 [1]
1 [1]
1 [1]
1 [1]
1 [1]
1 [1]
1 [1]
1 [1]
1 [1]
1 [1]
1 [1]
1 [1]
1 [1]
1 [1]
1 [1]
1 [1]
1 [1]
1 [1]
1 [1]
1 [1]
1 [1]
1 [1]
1 [1]
1 [1]
1 [1]
1 [1]
1 [1]
1 [1]
1 [1]
1 [1]
1 [1]
1 [1]
1 [1]
1 [1]
1 [1]
1 [1]
1 [1]
1 [1]
1 [1]
1 [1]
1 [1]
1 [1]
1 [1]
1 [1]
1 [1]
1 [1]
1 [1]
1 [1]
1 [1]
1 [1]
1 [1]
1 [1]
1 [1]
1 [1]
1 [1]
1 [1]
1 [1]
1 [1]
1 [1]
1 [1]
1 [1]
1 [1]
1 [1]
1 [1]
1 [1]
1 [1]
1 [1]
1 [1]
1 [1]
1 [1]
1 [1]
1 [1]
1 [1]
1 [1]
1 [1]
1 [1]
1 [1]
1 [1]
1 [1]
1 [1]
1 [1]
1 [1]
1 [1]
1 [1]
1 [1]
1 [1]
1 [1]
1 [1]
1 [1]
1 [1]
1 [1]
1 [1]
1 [1]
1 [1]
1 [1]
1 [1]
1 [1]
1 [1]
1 [1]
1 [1]
1 [1]
1 [1]
1 [1]
1 [1]
1 [1]
1 [1]
1 [1]
1 [1]
1 [1]
1 [1]
1 [1]
1 [1]
1 [1]
1 [1]
1 [1]
1 [1]
1 [1]
1 [1]
1 [1]
1 [1]
1 [1]
1 [1]
1 [1]
1 [1]
1 [1]
1 [1]
1 [1]
1 [1]
1 [1]
1 [1]
1 [1]
1 [1]
1 [1]
1 [1]
1 [1]
1 [1]
1 [1]
1 [1]
1 [1]
1 [1]
1 [1]
1 [1]
1 [1]
1 [1]
1 [1]
1 [1]
1 [1]
1 [1]
1 [1]
1 [1]
1 [1]
1 [1]
1 [1]
1 [1]
1 [1]
1 [1]
1 [1]
1 [1]
1 [1]
1 [1]
1 [1]
1 [1]
1 [1]
1 [1]
1 [1]
1 [1]
1 [1]
1 [1]
1 [1]
1 [1]
1 [1]
1 [1]
1 [1]
1 [1]
1 [1]
1 [1]
1 [1]
1 [1]
1 [1]
1 [1]
1 [1]
1 [1]
1 [1]
1 [1]
1 [1]
1 [1]
1 [1]
1 [1]
1 [1]
1 [1]
1 [1]
1 [1]
1 [1]
1 [1]
1 [1]
1 [1]
1 [1]
1 [1]
1 [1]
1 [1]
1 [1]
1 [1]
1 [1]
1 [1]
1 [1]
1 [1]
1 [1]
1 [1]
1 [1]
1 [1]
1 [1]
1 [1]
1 [1]
1 [1]
1 [1]
1 [1]
1 [1]
1 [1]
1 [1]
1 [1]
1 [1]
1 [1]
1 [1]
1 [1]
1 [1]
1 [1]
1 [1]
1 [1]
1 [1]
1 [1]
1 [1]
1 [1]
1 [1]
1 [1]
1 [1]
1 [1]
1 [1]
1 [1]
1 [1]
1 [1]
1 [1]
1 [1]
1 [1]
1 [1]
1 [1]
1 [1]
1 [1]
1 [1]
1 [1]
1 [1]
1 [1]
1 [1]
