5382 [3231, 1011, 267, 261, 186, 78, 38, 32, 26, 23, 21, 20, 18, 10, 9, 9, 9, 7, 7, 6, 6, 5, 5, 4, 4, 3, 3, 3, 3, 3, 2, 2, 2, 2, 2, 2, 2, 1, 1, 1, 1, 1, 1, 1, 1, 1, 1, 1, 1, 1, 1, 1, 1, 1, 1, 1, 1, 1, 1, 1, 1, 1, 1, 1, 1, 1, 1, 1, 1, 1, 1, 1, 1, 1, 1, 1, 1, 1, 1, 1, 1, 1, 1, 1, -1, -1, -1, -1, -1, -1, -1, -1, -1, -1, -1, -1, -1]
1 [1]
1803 [1783, 9, 3, 3, 1, -1, -1, -1, -1]
1 [1]
5 [2, -1, -1, -1]
1 [1]
2 [1, 1]
1 [1]
1 [1]
4 [2, 1, 1]
17 [2, 1, 1, 1, 1, 1, -1, -1, -1, -1, -1, -1, -1, -1, -1, -1]
83 [9, 6, 5, 3, 2, 2, 2, 2, 1, 1, 1, 1, 1, 1, 1, 1, 1, 1, 1, 1, 1, 1, 1, 1, 1, 1, 1, 1, 1, 1, 1, 1, 1, 1, 1, 1, 1, 1, 1, 1, 1, 1, 1, -1, -1, -1, -1, -1, -1, -1, -1, -1, -1, -1, -1, -1, -1, -1, -1, -1]
2 [1, 1]
18 [9, 4, 1, 1, 1, 1, -1]
3 [1, 1, 1]
20 [6, 6, 2, 1, 1, 1, 1, 1, -1]
1 [1]
4 [1, 1, 1, -1]
17 [13, 1, 1, -1, -1]
11 [1, 1, 1, 1, 1, 1, -1, -1, -1, -1, -1]
1 [1]
26 [13, 3, 2, 1, 1, 1, 1, 1, 1, -1, -1]
1 [1]
1 [1]
3 [1, -1, -1]
3 [1, 1, 1]
2 [1, -1]
1 [1]
1 [1]
2 [-1, -1]
3 [1, 1, -1]
1 [1]
1 [1]
1 [1]
3 [1, 1, -1]
1 [1]
1 [1]
2 [1, -1]
1 [1]
1 [1]
1 [1]
1 [1]
2 [1, -1]
3 [1, 1, -1]
1 [1]
2 [-1, -1]
1 [1]
2 [1, -1]
1 [1]
1 [1]
1 [1]
1 [1]
1 [1]
1 [1]
1 [1]
1 [1]
1 [1]
1 [1]
1 [1]
1 [1]
1 [1]
1 [1]
1 [1]
1 [1]
1 [1]
1 [1]
1 [1]
