7 [3, 2, 1, 1]
1462 [548, 252, 178, 61, 60, 37, 31, 20, 11, 10, 9, 9, 9, 8, 8, 6, 6, 5, 5, 5, 4, 4, 4, 3, 3, 3, 2, 2, 2, 2, 2, 2, 2, 2, 2, 2, 2, 2, 2, 2, 2, 2, 2, 2, 1, 1, 1, 1, 1, 1, 1, 1, 1, 1, 1, 1, 1, 1, 1, 1, 1, 1, 1, 1, 1, 1, 1, 1, 1, 1, 1, 1, 1, 1, 1, 1, 1, 1, 1, 1, 1, 1, 1, 1, 1, 1, 1, 1, 1, 1, 1, 1, 1, 1, 1, 1, 1, 1, 1, 1, 1, 1, 1, 1, 1, 1, 1, 1, 1, 1, 1, 1, 1, 1, 1, 1, 1, 1, 1, 1, 1, 1, 1, 1, 1, 1, 1, 1, 1, 1, 1, 1, 1, -1, -1, -1, -1, -1, -1, -1, -1, -1, -1, -1, -1, -1, -1, -1, -1, -1, -1, -1, -1, -1, -1, -1, -1, -1, -1, -1, -1, -1, -1, -1, -1, -1, -1, -1, -1, -1, -1]
1 [1]
13 [5, 3, 1, 1, 1, 1, 1]
1 [1]
10 [8, 1, 1]
1 [1]
5503 [4034, 1363, 29, 14, 6, 4, 3, 3, 2, 2, 2, 2, 1, 1, 1, 1, 1, 1, 1, 1, 1, 1, 1, 1, 1, 1, 1, 1, 1, 1, 1, 1, 1, 1, 1, 1, 1, 1, -1, -1, -1, -1, -1, -1, -1, -1, -1, -1, -1, -1, -1]
1 [1]
1 [1]
1 [1]
1 [1]
2 [1, 1]
1 [1]
28 [26, 1, -1]
1 [1]
44 [30, 3, 2, 1, 1, 1, 1, 1, 1, 1, 1, -1]
1 [1]
73 [15, 10, 9, 5, 5, 2, 2, 1, 1, 1, 1, 1, 1, 1, 1, 1, 1, 1, 1, 1, 1, 1, -1, -1, -1, -1, -1, -1, -1, -1, -1, -1]
12 [2, 2, 1, 1, 1, 1, 1, -1, -1, -1]
170 [83, 76, 1, 1, 1, 1, 1, 1, 1, 1, -1, -1, -1]
1 [1]
7 [1, 1, 1, 1, -1, -1, -1]
1 [1]
19 [8, 3, 2, 1, 1, 1, 1, 1, -1]
1 [1]
1 [1]
1 [1]
1 [1]
1 [1]
5 [2, 1, 1, 1]
1 [1]
1 [1]
54 [3, 2, 2, 2, 2, 2, 1, 1, 1, 1, 1, 1, 1, 1, 1, 1, 1, 1, 1, 1, 1, 1, 1, 1, 1, 1, 1, 1, 1, 1, 1, 1, 1, 1, 1, -1, -1, -1, -1, -1, -1, -1, -1, -1, -1, -1, -1]
7 [1, 1, 1, 1, -1, -1, -1]
7 [1, 1, 1, -1, -1, -1, -1]
6 [1, 1, 1, -1, -1, -1]
2 [1, -1]
2 [1, 1]
1 [1]
2 [1, -1]
1 [1]
2 [1, 1]
1 [1]
1 [1]
1 [1]
1 [1]
1 [1]
1 [1]
