162 [159, 3]
7 [2, 2, 1, 1, 1]
49 [39, 7, 2, -1]
113 [75, 7, 3, 3, 3, 2, 2, 1, 1, 1, 1, 1, 1, 1, 1, 1, 1, 1, 1, 1, -1, -1, -1, -1, -1]
323 [230, 8, 6, 5, 3, 3, 2, 2, 2, 2, 2, 1, 1, 1, 1, 1, 1, 1, 1, 1, 1, 1, 1, 1, 1, 1, 1, 1, 1, 1, 1, 1, 1, 1, 1, 1, 1, 1, 1, 1, 1, 1, 1, 1, 1, 1, 1, -1, -1, -1, -1, -1, -1, -1, -1, -1, -1, -1, -1, -1, -1, -1, -1, -1, -1, -1, -1, -1, -1]
3582 [1346, 183, 77, 51, 41, 33, 29, 25, 24, 22, 21, 19, 18, 18, 16, 16, 15, 15, 14, 12, 12, 11, 11, 10, 10, 9, 9, 8, 8, 8, 8, 7, 7, 7, 7, 7, 7, 6, 6, 6, 6, 6, 6, 6, 6, 6, 5, 5, 5, 5, 5, 5, 5, 5, 5, 4, 4, 4, 4, 4, 4, 4, 4, 4, 4, 4, 4, 4, 4, 3, 3, 3, 3, 3, 3, 3, 3, 3, 3, 3, 3, 3, 3, 3, 3, 3, 3, 3, 3, 3, 3, 3, 3, 3, 3, 2, 2, 2, 2, 2, 2, 2, 2, 2, 2, 2, 2, 2, 2, 2, 2, 2, 2, 2, 2, 2, 2, 2, 2, 2, 2, 2, 2, 2, 2, 2, 2, 2, 2, 2, 2, 2, 2, 2, 2, 2, 2, 2, 2, 2, 2, 2, 2, 2, 2, 2, 2, 2, 2, 2, 2, 2, 2, 2, 2, 2, 2, 2, 2, 2, 2, 2, 2, 2, 2, 2, 2, 2, 2, 1, 1, 1, 1, 1, 1, 1, 1, 1, 1, 1, 1, 1, 1, 1, 1, 1, 1, 1, 1, 1, 1, 1, 1, 1, 1, 1, 1, 1, 1, 1, 1, 1, 1, 1, 1, 1, 1, 1, 1, 1, 1, 1, 1, 1, 1, 1, 1, 1, 1, 1, 1, 1, 1, 1, 1, 1, 1, 1, 1, 1, 1, 1, 1, 1, 1, 1, 1, 1, 1, 1, 1, 1, 1, 1, 1, 1, 1, 1, 1, 1, 1, 1, 1, 1, 1, 1, 1, 1, 1, 1, 1, 1, 1, 1, 1, 1, 1, 1, 1, 1, 1, 1, 1, 1, 1, 1, 1, 1, 1, 1, 1, 1, 1, 1, 1, 1, 1, 1, 1, 1, 1, 1, 1, 1, 1, 1, 1, 1, 1, 1, 1, 1, 1, 1, 1, 1, 1, 1, 1, 1, 1, 1, 1, 1, 1, 1, 1, 1, 1, 1, 1, 1, 1, 1, 1, 1, 1, 1, 1, 1, 1, 1, 1, 1, 1, 1, 1, 1, 1, 1, 1, 1, 1, 1, 1, 1, 1, 1, 1, 1, 1, 1, 1, 1, 1, 1, 1, 1, 1, 1, 1, 1, 1, 1, 1, 1, 1, 1, 1, 1, 1, 1, 1, 1, 1, 1, 1, 1, 1, 1, 1, 1, 1, 1, 1, 1, 1, 1, 1, 1, 1, 1, 1, 1, 1, 1, 1, 1, 1, 1, 1, 1, 1, 1, 1, 1, 1, 1, 1, 1, 1, 1, 1, 1, 1, 1, 1, 1, 1, 1, 1, 1, 1, 1, 1, 1, 1, 1, 1, 1, 1, 1, 1, 1, 1, 1, 1, 1, 1, 1, 1, 1, 1, 1, 1, 1, 1, 1, 1, 1, 1, 1, 1, 1, 1, 1, 1, 1, 1, 1, 1, 1, 1, 1, 1, 1, 1, 1, 1, 1, 1, 1, 1, 1, 1, 1, 1, 1, 1, 1, 1, 1, 1, 1, 1, 1, 1, 1, 1, 1, 1, 1, 1, 1, 1, 1, 1, 1, 1, 1, 1, 1, 1, 1, 1, 1, 1, 1, 1, 1, 1, 1, 1, 1, 1, 1, 1, 1, 1, 1, 1, 1, 1, 1, 1, 1, 1, 1, 1, 1, 1, 1, 1, 1, 1, 1, 1, 1, 1, 1, 1, 1, 1, 1, 1, 1, 1, 1, 1, 1, 1, 1, 1, 1, 1, 1, 1, 1, 1, 1, 1, 1, 1, 1, 1, 1, 1, 1, 1, 1, 1, 1, 1, 1, 1, 1, 1, 1, 1, 1, 1, 1, 1, 1, 1, 1, 1, 1, 1, 1, 1, 1, 1, 1, 1, 1, 1, 1, 1, 1, 1, 1, 1, 1, 1, 1, 1, 1, 1, 1, 1, 1, 1, 1, 1, 1, 1, 1, 1, 1, 1, 1, 1, 1, 1, 1, 1, 1, 1, 1, 1, 1, 1, 1, 1, 1, 1, 1, 1, 1, 1, 1, 1, 1, 1, 1, 1, 1, 1, 1, 1, 1, 1, 1, 1, 1, 1, 1, 1, 1, 1, 1, 1, 1, 1, 1, 1, 1, 1, 1, 1, 1, 1, 1, 1, 1, 1, 1, 1, 1, 1, 1, 1, 1, 1, 1, 1, 1, 1, 1, 1, 1, 1, 1, 1, 1, 1, 1, 1, 1, 1, 1, 1, 1, 1, 1, 1, 1, 1, 1, 1, 1, 1, 1, 1, 1, 1, 1, 1, 1, 1, 1, 1, 1, 1, 1, 1, 1, 1, 1, 1, 1, 1, 1, 1, 1, 1, 1, 1, 1, 1, 1, 1, 1, 1, 1, 1, 1, 1, 1, 1, 1, 1, 1, 1, 1, 1, 1, 1, 1, 1, 1, 1, 1, 1, 1, 1, 1, 1, 1, 1, 1, 1, 1, 1, 1, 1, 1, 1, 1, 1, 1, 1, 1, 1, 1, 1, 1, 1, 1, 1, 1, 1, 1, 1, 1, 1, 1, 1, 1, 1, 1, 1, 1, 1, 1, 1, 1, 1, 1, 1, 1, 1, 1, 1, 1, 1, 1, 1, 1, 1, 1, 1, 1, 1, 1, 1, 1, 1, 1, 1, 1, 1, 1, 1, 1, 1, 1, 1, 1, 1, 1, 1, 1, 1, 1, 1, 1, 1, 1, 1, 1, 1, 1, 1, 1, 1, 1, 1, -1, -1, -1, -1, -1, -1, -1, -1, -1, -1, -1, -1, -1, -1, -1, -1, -1, -1, -1, -1, -1, -1, -1, -1, -1, -1, -1, -1, -1, -1, -1, -1, -1, -1, -1, -1, -1, -1, -1, -1, -1, -1, -1, -1, -1, -1, -1, -1, -1, -1, -1, -1, -1, -1, -1, -1, -1, -1, -1, -1, -1, -1, -1, -1, -1, -1, -1, -1, -1, -1, -1, -1, -1, -1, -1, -1, -1, -1, -1, -1, -1, -1, -1, -1, -1, -1, -1, -1, -1, -1, -1, -1, -1, -1, -1, -1, -1, -1, -1, -1, -1, -1, -1, -1, -1, -1, -1, -1, -1, -1, -1, -1, -1, -1, -1, -1, -1, -1, -1, -1, -1, -1, -1, -1, -1, -1, -1, -1, -1, -1, -1, -1, -1, -1, -1, -1, -1, -1, -1, -1, -1, -1, -1, -1, -1, -1, -1, -1, -1, -1, -1, -1, -1, -1, -1, -1, -1, -1, -1, -1, -1, -1, -1, -1, -1, -1, -1, -1, -1, -1, -1, -1, -1, -1, -1, -1, -1, -1, -1, -1, -1, -1, -1, -1, -1, -1, -1, -1, -1, -1, -1, -1, -1, -1, -1, -1, -1, -1, -1, -1, -1, -1, -1, -1, -1, -1, -1, -1, -1, -1, -1, -1, -1, -1, -1, -1, -1, -1, -1, -1, -1, -1, -1, -1, -1, -1, -1, -1, -1, -1, -1, -1, -1, -1, -1, -1, -1, -1, -1, -1, -1, -1, -1, -1, -1, -1, -1, -1, -1, -1, -1, -1, -1, -1, -1, -1, -1, -1, -1, -1, -1, -1, -1, -1, -1, -1, -1, -1, -1, -1, -1, -1, -1, -1, -1, -1, -1, -1, -1, -1, -1, -1, -1, -1, -1, -1, -1, -1, -1, -1, -1, -1, -1, -1, -1, -1, -1, -1, -1, -1, -1, -1, -1, -1, -1, -1, -1, -1, -1, -1, -1, -1, -1, -1, -1, -1, -1, -1, -1, -1, -1, -1, -1, -1, -1, -1, -1, -1, -1, -1, -1, -1, -1, -1, -1, -1, -1, -1, -1, -1, -1, -1, -1, -1, -1, -1, -1, -1, -1, -1, -1, -1, -1, -1, -1, -1, -1, -1, -1, -1, -1, -1, -1, -1, -1, -1, -1, -1, -1, -1]
109 [85, 13, 4, 3, 2, 1, 1]
14 [11, 3]
109 [7, 7, 6, 5, 4, 2, 2, 2, 1, 1, 1, 1, 1, 1, 1, 1, 1, 1, 1, 1, 1, 1, 1, 1, 1, 1, 1, 1, 1, 1, 1, 1, 1, 1, 1, 1, 1, 1, 1, 1, 1, 1, 1, 1, 1, 1, 1, 1, 1, 1, 1, 1, 1, 1, 1, 1, 1, 1, 1, -1, -1, -1, -1, -1, -1, -1, -1, -1, -1, -1, -1, -1, -1, -1, -1, -1, -1, -1, -1, -1, -1, -1]
5 [1, 1, 1, -1, -1]
14 [4, 3, 1, 1, 1, 1, 1, -1, -1]
17 [15, 1, -1]
29 [4, 2, 2, 1, 1, 1, 1, 1, 1, 1, 1, 1, 1, 1, 1, 1, 1, -1, -1, -1, -1, -1, -1, -1]
109 [18, 16, 11, 6, 3, 3, 2, 2, 2, 2, 2, 1, 1, 1, 1, 1, 1, 1, 1, 1, 1, 1, 1, 1, 1, 1, 1, 1, 1, 1, 1, 1, 1, 1, 1, 1, 1, 1, 1, -1, -1, -1, -1, -1, -1, -1, -1, -1, -1, -1, -1, -1, -1]
20 [4, 4, 1, 1, 1, 1, 1, 1, 1, -1, -1, -1, -1, -1]
5 [4, -1]
2 [1, -1]
2 [1, -1]
1 [1]
255 [66, 7, 6, 6, 5, 5, 3, 3, 3, 3, 3, 2, 2, 2, 2, 2, 2, 2, 1, 1, 1, 1, 1, 1, 1, 1, 1, 1, 1, 1, 1, 1, 1, 1, 1, 1, 1, 1, 1, 1, 1, 1, 1, 1, 1, 1, 1, 1, 1, 1, 1, 1, 1, 1, 1, 1, 1, 1, 1, 1, 1, 1, 1, 1, 1, 1, 1, 1, 1, 1, 1, 1, 1, 1, 1, 1, 1, 1, 1, 1, 1, 1, 1, 1, 1, 1, 1, 1, 1, 1, 1, 1, 1, 1, 1, 1, 1, 1, 1, 1, 1, 1, 1, 1, 1, 1, -1, -1, -1, -1, -1, -1, -1, -1, -1, -1, -1, -1, -1, -1, -1, -1, -1, -1, -1, -1, -1, -1, -1, -1, -1, -1, -1, -1, -1, -1, -1, -1, -1, -1, -1, -1, -1, -1, -1, -1, -1, -1, -1]
14 [12, 1, -1]
2 [1, -1]
161 [154, 2, 2, 1, 1, 1]
35 [21, 2, 2, 1, 1, 1, 1, 1, 1, -1, -1, -1, -1]
10 [1, 1, 1, 1, 1, 1, 1, 1, -1, -1]
2 [1, 1]
56 [29, 11, 3, 1, 1, 1, 1, 1, 1, 1, 1, -1, -1, -1, -1, -1]
1 [1]
5 [1, 1, 1, -1, -1]
9 [3, 3, -1, -1, -1]
21 [18, 1, 1, 1]
5 [1, -1, -1, -1, -1]
1 [1]
5 [2, 1, 1, -1]
1 [1]
16 [2, 2, 2, 1, 1, 1, 1, 1, -1, -1, -1, -1, -1]
1 [1]
1 [1]
35 [2, 2, 2, 2, 1, 1, 1, 1, 1, 1, 1, 1, 1, 1, 1, 1, 1, 1, 1, 1, -1, -1, -1, -1, -1, -1, -1, -1, -1, -1, -1]
1 [1]
1 [1]
11 [10, 1]
3 [1, 1, -1]
12 [5, 3, 1, -1, -1, -1]
194 [79, 24, 5, 3, 3, 3, 3, 2, 2, 2, 1, 1, 1, 1, 1, 1, 1, 1, 1, 1, 1, 1, 1, 1, 1, 1, 1, 1, 1, 1, 1, 1, 1, 1, 1, 1, 1, 1, 1, 1, 1, 1, 1, 1, 1, 1, 1, -1, -1, -1, -1, -1, -1, -1, -1, -1, -1, -1, -1, -1, -1, -1, -1, -1, -1, -1, -1, -1, -1, -1, -1, -1, -1, -1, -1, -1, -1, -1]
5 [4, -1]
6 [5, 1]
1 [1]
1 [1]
1 [1]
5 [1, 1, -1, -1, -1]
4 [1, 1, -1, -1]
37 [10, 7, 4, 2, 1, 1, 1, 1, 1, 1, 1, 1, 1, 1, 1, -1, -1, -1]
7 [1, 1, 1, 1, 1, -1, -1]
1 [1]
1 [1]
1 [1]
5 [1, 1, -1, -1, -1]
4 [2, 1, -1]
8 [1, 1, 1, 1, 1, 1, -1, -1]
1 [1]
1 [1]
1 [1]
14 [3, 2, 1, 1, 1, 1, 1, -1, -1, -1, -1]
1 [1]
1 [1]
1 [1]
2 [1, -1]
4 [1, 1, -1, -1]
34 [1, 1, 1, 1, 1, 1, 1, 1, 1, 1, 1, 1, 1, 1, 1, 1, 1, -1, -1, -1, -1, -1, -1, -1, -1, -1, -1, -1, -1, -1, -1, -1, -1, -1]
12 [2, 2, 1, 1, 1, -1, -1, -1, -1, -1]
6 [3, 1, 1, -1]
1 [1]
13 [5, 2, 1, 1, 1, 1, 1, -1]
6 [1, 1, 1, -1, -1, -1]
83 [4, 3, 3, 3, 2, 1, 1, 1, 1, 1, 1, 1, 1, 1, 1, 1, 1, 1, 1, 1, 1, 1, 1, 1, 1, 1, 1, 1, 1, 1, 1, 1, 1, 1, 1, 1, 1, 1, 1, 1, 1, 1, 1, 1, -1, -1, -1, -1, -1, -1, -1, -1, -1, -1, -1, -1, -1, -1, -1, -1, -1, -1, -1, -1, -1, -1, -1, -1, -1, -1, -1, -1, -1]
7 [5, 1, 1]
3 [-1, -1, -1]
2 [1, -1]
1 [1]
2 [1, -1]
1 [1]
1 [1]
676 [130, 28, 21, 11, 10, 10, 9, 8, 7, 6, 6, 5, 5, 5, 4, 4, 4, 4, 3, 3, 3, 3, 3, 3, 3, 2, 2, 2, 2, 2, 2, 2, 2, 2, 2, 2, 2, 2, 2, 2, 2, 2, 2, 2, 2, 2, 2, 1, 1, 1, 1, 1, 1, 1, 1, 1, 1, 1, 1, 1, 1, 1, 1, 1, 1, 1, 1, 1, 1, 1, 1, 1, 1, 1, 1, 1, 1, 1, 1, 1, 1, 1, 1, 1, 1, 1, 1, 1, 1, 1, 1, 1, 1, 1, 1, 1, 1, 1, 1, 1, 1, 1, 1, 1, 1, 1, 1, 1, 1, 1, 1, 1, 1, 1, 1, 1, 1, 1, 1, 1, 1, 1, 1, 1, 1, 1, 1, 1, 1, 1, 1, 1, 1, 1, 1, 1, 1, 1, 1, 1, 1, 1, 1, 1, 1, 1, 1, 1, 1, 1, 1, 1, 1, 1, 1, 1, 1, 1, 1, 1, 1, 1, 1, 1, 1, 1, 1, 1, 1, 1, 1, 1, 1, 1, 1, 1, 1, 1, 1, 1, 1, 1, 1, 1, 1, 1, 1, 1, 1, 1, 1, 1, 1, 1, 1, 1, 1, 1, 1, 1, 1, 1, 1, 1, 1, 1, 1, 1, 1, 1, 1, 1, 1, 1, 1, 1, 1, 1, 1, 1, 1, 1, 1, 1, 1, 1, 1, 1, 1, 1, 1, 1, 1, 1, 1, 1, 1, 1, 1, 1, 1, 1, 1, 1, 1, 1, 1, 1, 1, 1, 1, 1, 1, 1, 1, 1, 1, 1, 1, 1, 1, 1, 1, 1, 1, 1, 1, -1, -1, -1, -1, -1, -1, -1, -1, -1, -1, -1, -1, -1, -1, -1, -1, -1, -1, -1, -1, -1, -1, -1, -1, -1, -1, -1, -1, -1, -1, -1, -1, -1, -1, -1, -1, -1, -1, -1, -1, -1, -1, -1, -1, -1, -1, -1, -1, -1, -1, -1, -1, -1, -1, -1, -1, -1, -1, -1, -1, -1, -1, -1, -1, -1, -1, -1, -1, -1, -1, -1, -1, -1, -1, -1, -1, -1, -1, -1, -1, -1, -1, -1, -1, -1, -1, -1, -1, -1, -1, -1, -1, -1, -1, -1, -1, -1, -1, -1, -1, -1, -1, -1, -1, -1, -1, -1, -1, -1, -1, -1, -1, -1, -1]
1 [1]
54 [3, 3, 2, 2, 2, 1, 1, 1, 1, 1, 1, 1, 1, 1, 1, 1, 1, 1, 1, 1, 1, 1, 1, 1, 1, 1, 1, 1, 1, 1, -1, -1, -1, -1, -1, -1, -1, -1, -1, -1, -1, -1, -1, -1, -1, -1, -1]
1 [1]
4 [1, 1, 1, 1]
1 [1]
1 [1]
1 [1]
3 [1, -1, -1]
1 [1]
1 [1]
1 [1]
1 [1]
1 [1]
1 [1]
9 [4, 1, 1, 1, 1, 1]
1 [1]
40 [9, 3, 1, 1, 1, 1, 1, 1, 1, 1, 1, 1, 1, 1, 1, 1, 1, 1, -1, -1, -1, -1, -1, -1, -1, -1, -1, -1, -1, -1]
1 [1]
1 [1]
1 [1]
1 [1]
1 [1]
1 [1]
1 [1]
3 [1, 1, -1]
12 [1, 1, 1, 1, 1, 1, 1, 1, 1, 1, -1, -1]
5 [1, 1, -1, -1, -1]
1 [1]
1 [1]
1 [1]
1 [1]
6 [1, 1, 1, -1, -1, -1]
1 [1]
2 [1, 1]
2 [1, 1]
1 [1]
1 [1]
2 [1, -1]
1 [1]
3 [1, 1, 1]
4 [1, -1, -1, -1]
1 [1]
1 [1]
1 [1]
2 [1, -1]
1 [1]
2 [1, -1]
1 [1]
5 [1, 1, 1, 1, -1]
2 [1, -1]
16 [2, 1, 1, 1, 1, 1, -1, -1, -1, -1, -1, -1, -1, -1, -1]
1 [1]
4 [2, 1, 1]
1 [1]
2 [1, 1]
4 [2, -1, -1]
1 [1]
2 [1, 1]
1 [1]
1 [1]
4 [1, 1, 1, -1]
1 [1]
1 [1]
1 [1]
1 [1]
2 [1, -1]
1 [1]
45 [2, 2, 2, 1, 1, 1, 1, 1, 1, 1, 1, 1, 1, 1, 1, 1, 1, 1, 1, 1, 1, 1, 1, 1, 1, 1, 1, -1, -1, -1, -1, -1, -1, -1, -1, -1, -1, -1, -1, -1, -1, -1]
12 [11, 1]
4 [1, 1, -1, -1]
9 [2, 1, 1, 1, 1, 1, 1, -1]
1 [1]
5 [1, 1, 1, 1, -1]
2 [1, -1]
2 [1, -1]
1 [1]
1 [1]
2 [1, 1]
1 [1]
1 [1]
1 [1]
1 [1]
1 [1]
2 [1, -1]
2 [1, -1]
2 [1, 1]
1 [1]
1 [1]
1 [1]
1 [1]
1 [1]
2 [1, -1]
4 [1, 1, 1, 1]
1 [1]
3 [1, 1, -1]
1 [1]
2 [1, -1]
2 [1, -1]
1 [1]
1 [1]
2 [1, 1]
1 [1]
2 [1, 1]
1 [1]
4 [1, -1, -1, -1]
2 [1, -1]
1 [1]
1 [1]
2 [1, -1]
8 [2, 1, 1, -1, -1, -1, -1]
2 [1, -1]
3 [1, -1, -1]
1 [1]
2 [1, -1]
1 [1]
1 [1]
3 [1, -1, -1]
1 [1]
2 [1, 1]
5 [1, 1, 1, 1, -1]
1 [1]
3 [1, -1, -1]
1 [1]
1 [1]
2 [1, -1]
1 [1]
1 [1]
3 [1, -1, -1]
1 [1]
1 [1]
1 [1]
1 [1]
2 [1, 1]
1 [1]
2 [1, -1]
1 [1]
1 [1]
2 [1, 1]
1 [1]
1 [1]
2 [1, -1]
1 [1]
1 [1]
1 [1]
1 [1]
1 [1]
2 [1, -1]
1 [1]
1 [1]
1 [1]
1 [1]
1 [1]
1 [1]
1 [1]
1 [1]
1 [1]
1 [1]
1 [1]
1 [1]
8 [1, 1, 1, 1, -1, -1, -1, -1]
2 [1, 1]
2 [1, -1]
1 [1]
1 [1]
2 [1, 1]
1 [1]
1 [1]
1 [1]
1 [1]
1 [1]
5 [1, 1, 1, 1, 1]
1 [1]
1 [1]
1 [1]
1 [1]
2 [1, 1]
1 [1]
1 [1]
1 [1]
1 [1]
2 [1, -1]
1 [1]
1 [1]
2 [1, 1]
1 [1]
1 [1]
2 [1, -1]
1 [1]
1 [1]
2 [1, -1]
1 [1]
4 [1, -1, -1, -1]
1 [1]
1 [1]
1 [1]
1 [1]
1 [1]
1 [1]
1 [1]
1 [1]
1 [1]
1 [1]
1 [1]
1 [1]
1 [1]
18 [1, 1, 1, 1, 1, 1, 1, 1, 1, 1, 1, -1, -1, -1, -1, -1, -1, -1]
1 [1]
1 [1]
1 [1]
1 [1]
1 [1]
1 [1]
1 [1]
1 [1]
1 [1]
1 [1]
2 [1, 1]
1 [1]
2 [-1, -1]
1 [1]
1 [1]
1 [1]
1 [1]
1 [1]
1 [1]
1 [1]
1 [1]
1 [1]
1 [1]
1 [1]
3 [1, 1, 1]
2 [-1, -1]
1 [1]
1 [1]
1 [1]
1 [1]
1 [1]
1 [1]
1 [1]
2 [1, 1]
1 [1]
1 [1]
1 [1]
1 [1]
1 [1]
1 [1]
1 [1]
1 [1]
1 [1]
2 [1, -1]
1 [1]
1 [1]
1 [1]
1 [1]
1 [1]
1 [1]
1 [1]
1 [1]
1 [1]
1 [1]
1 [1]
1 [1]
1 [1]
1 [1]
1 [1]
1 [1]
1 [1]
1 [1]
1 [1]
1 [1]
1 [1]
1 [1]
1 [1]
1 [1]
1 [1]
1 [1]
1 [1]
1 [1]
1 [1]
1 [1]
1 [1]
1 [1]
1 [1]
1 [1]
1 [1]
1 [1]
1 [1]
1 [1]
1 [1]
1 [1]
1 [1]
1 [1]
1 [1]
1 [1]
1 [1]
1 [1]
1 [1]
1 [1]
1 [1]
1 [1]
1 [1]
1 [1]
1 [1]
1 [1]
1 [1]
1 [1]
1 [1]
1 [1]
1 [1]
1 [1]
1 [1]
1 [1]
1 [1]
1 [1]
1 [1]
1 [1]
1 [1]
1 [1]
1 [1]
1 [1]
1 [1]
1 [1]
1 [1]
1 [1]
1 [1]
1 [1]
1 [1]
1 [1]
1 [1]
1 [1]
1 [1]
1 [1]
1 [1]
1 [1]
1 [1]
1 [1]
1 [1]
1 [1]
1 [1]
1 [1]
1 [1]
1 [1]
1 [1]
1 [1]
1 [1]
1 [1]
1 [1]
1 [1]
1 [1]
1 [1]
1 [1]
1 [1]
1 [1]
1 [1]
1 [1]
1 [1]
1 [1]
1 [1]
1 [1]
1 [1]
1 [1]
1 [1]
1 [1]
1 [1]
1 [1]
1 [1]
1 [1]
1 [1]
1 [1]
1 [1]
1 [1]
1 [1]
1 [1]
1 [1]
1 [1]
1 [1]
1 [1]
1 [1]
1 [1]
1 [1]
1 [1]
1 [1]
1 [1]
1 [1]
1 [1]
1 [1]
1 [1]
1 [1]
1 [1]
1 [1]
1 [1]
1 [1]
1 [1]
1 [1]
1 [1]
1 [1]
1 [1]
1 [1]
1 [1]
1 [1]
1 [1]
1 [1]
1 [1]
1 [1]
1 [1]
1 [1]
1 [1]
1 [1]
1 [1]
1 [1]
1 [1]
1 [1]
1 [1]
1 [1]
1 [1]
1 [1]
1 [1]
1 [1]
1 [1]
1 [1]
1 [1]
1 [1]
1 [1]
1 [1]
1 [1]
1 [1]
1 [1]
1 [1]
1 [1]
1 [1]
1 [1]
1 [1]
1 [1]
1 [1]
1 [1]
1 [1]
1 [1]
1 [1]
1 [1]
1 [1]
1 [1]
1 [1]
1 [1]
1 [1]
1 [1]
1 [1]
1 [1]
1 [1]
1 [1]
1 [1]
1 [1]
1 [1]
1 [1]
1 [1]
1 [1]
1 [1]
1 [1]
1 [1]
1 [1]
1 [1]
1 [1]
1 [1]
1 [1]
1 [1]
1 [1]
1 [1]
1 [1]
1 [1]
1 [1]
1 [1]
1 [1]
1 [1]
1 [1]
1 [1]
1 [1]
1 [1]
1 [1]
1 [1]
1 [1]
1 [1]
1 [1]
1 [1]
1 [1]
1 [1]
1 [1]
1 [1]
1 [1]
1 [1]
1 [1]
1 [1]
1 [1]
1 [1]
1 [1]
1 [1]
1 [1]
1 [1]
1 [1]
1 [1]
1 [1]
1 [1]
1 [1]
1 [1]
1 [1]
1 [1]
1 [1]
1 [1]
1 [1]
1 [1]
1 [1]
1 [1]
1 [1]
1 [1]
1 [1]
1 [1]
1 [1]
1 [1]
1 [1]
1 [1]
1 [1]
1 [1]
1 [1]
1 [1]
1 [1]
1 [1]
1 [1]
1 [1]
1 [1]
1 [1]
1 [1]
1 [1]
1 [1]
1 [1]
1 [1]
1 [1]
1 [1]
1 [1]
1 [1]
1 [1]
1 [1]
1 [1]
1 [1]
1 [1]
1 [1]
1 [1]
1 [1]
1 [1]
1 [1]
1 [1]
1 [1]
1 [1]
1 [1]
1 [1]
1 [1]
1 [1]
1 [1]
1 [1]
1 [1]
1 [1]
1 [1]
1 [1]
1 [1]
1 [1]
1 [1]
1 [1]
1 [1]
1 [1]
1 [1]
1 [1]
1 [1]
1 [1]
1 [1]
1 [1]
1 [1]
1 [1]
1 [1]
1 [1]
1 [1]
1 [1]
1 [1]
1 [1]
1 [1]
1 [1]
1 [1]
1 [1]
1 [1]
1 [1]
1 [1]
1 [1]
1 [1]
1 [1]
1 [1]
1 [1]
1 [1]
1 [1]
1 [1]
1 [1]
1 [1]
1 [1]
1 [1]
1 [1]
1 [1]
1 [1]
1 [1]
1 [1]
1 [1]
1 [1]
1 [1]
1 [1]
1 [1]
1 [1]
1 [1]
1 [1]
1 [1]
1 [1]
1 [1]
1 [1]
1 [1]
1 [1]
1 [1]
1 [1]
1 [1]
1 [1]
1 [1]
1 [1]
1 [1]
1 [1]
1 [1]
1 [1]
1 [1]
1 [1]
1 [1]
1 [1]
1 [1]
1 [1]
1 [1]
1 [1]
1 [1]
1 [1]
1 [1]
1 [1]
1 [1]
1 [1]
1 [1]
1 [1]
1 [1]
1 [1]
1 [1]
1 [1]
1 [1]
1 [1]
1 [1]
1 [1]
1 [1]
1 [1]
1 [1]
1 [1]
1 [1]
1 [1]
1 [1]
1 [1]
1 [1]
1 [1]
1 [1]
1 [1]
1 [1]
1 [1]
1 [1]
1 [1]
1 [1]
1 [1]
1 [1]
1 [1]
1 [1]
1 [1]
1 [1]
1 [1]
1 [1]
1 [1]
1 [1]
1 [1]
1 [1]
1 [1]
1 [1]
1 [1]
1 [1]
1 [1]
1 [1]
1 [1]
1 [1]
1 [1]
1 [1]
1 [1]
1 [1]
1 [1]
1 [1]
1 [1]
1 [1]
1 [1]
1 [1]
1 [1]
1 [1]
1 [1]
1 [1]
1 [1]
1 [1]
1 [1]
1 [1]
1 [1]
1 [1]
1 [1]
1 [1]
1 [1]
1 [1]
1 [1]
1 [1]
1 [1]
1 [1]
1 [1]
1 [1]
1 [1]
1 [1]
