4808 [3985, 543, 19, 19, 15, 12, 12, 10, 8, 6, 5, 4, 4, 3, 3, 3, 3, 3, 2, 2, 2, 2, 2, 2, 2, 2, 2, 2, 2, 2, 2, 2, 1, 1, 1, 1, 1, 1, 1, 1, 1, 1, 1, 1, 1, 1, 1, 1, 1, 1, 1, 1, 1, 1, 1, 1, 1, 1, 1, 1, 1, 1, 1, 1, 1, 1, 1, 1, 1, 1, 1, 1, 1, 1, 1, 1, 1, 1, 1, 1, 1, 1, 1, 1, 1, 1, 1, 1, 1, 1, 1, 1, 1, 1, 1, 1, 1, 1, 1, 1, 1, 1, 1, 1, 1, 1, 1, 1, 1, 1, 1, 1, 1, 1, 1, 1, 1, -1, -1, -1, -1, -1, -1, -1, -1, -1, -1, -1, -1, -1, -1, -1, -1, -1, -1, -1, -1, -1, -1, -1, -1, -1, -1, -1, -1, -1, -1, -1, -1, -1, -1, -1, -1, -1, -1]
2 [1, 1]
1 [1]
1 [1]
1 [1]
7 [3, 1, 1, 1, 1]
1 [1]
16 [1, 1, 1, 1, 1, 1, 1, 1, 1, 1, 1, -1, -1, -1, -1, -1]
23 [18, 5]
1 [1]
5 [4, -1]
358 [19, 13, 13, 11, 11, 8, 7, 6, 6, 5, 4, 4, 4, 3, 3, 3, 3, 3, 2, 2, 2, 2, 2, 2, 2, 2, 2, 2, 2, 2, 2, 2, 2, 2, 2, 2, 2, 1, 1, 1, 1, 1, 1, 1, 1, 1, 1, 1, 1, 1, 1, 1, 1, 1, 1, 1, 1, 1, 1, 1, 1, 1, 1, 1, 1, 1, 1, 1, 1, 1, 1, 1, 1, 1, 1, 1, 1, 1, 1, 1, 1, 1, 1, 1, 1, 1, 1, 1, 1, 1, 1, 1, 1, 1, 1, 1, 1, 1, 1, 1, 1, 1, 1, 1, 1, 1, 1, 1, 1, 1, 1, 1, 1, 1, 1, 1, 1, 1, 1, 1, 1, 1, 1, 1, 1, 1, 1, 1, 1, 1, 1, 1, 1, 1, 1, 1, 1, 1, 1, 1, 1, 1, 1, 1, 1, 1, 1, 1, 1, 1, 1, 1, 1, 1, 1, 1, 1, 1, 1, 1, 1, 1, 1, 1, 1, 1, -1, -1, -1, -1, -1, -1, -1, -1, -1, -1, -1, -1, -1, -1, -1, -1, -1, -1, -1, -1, -1, -1, -1, -1, -1, -1, -1, -1, -1, -1, -1, -1, -1, -1, -1, -1, -1, -1, -1, -1, -1, -1, -1, -1, -1, -1, -1, -1, -1, -1, -1, -1, -1, -1, -1, -1, -1, -1, -1, -1, -1, -1, -1, -1, -1]
5 [2, 1, -1, -1]
1 [1]
2 [1, 1]
5 [4, 1]
13 [3, 3, 3, 1, 1, 1, 1]
2 [1, -1]
1 [1]
1 [1]
507 [52, 22, 12, 9, 8, 7, 6, 5, 4, 4, 4, 3, 3, 3, 3, 3, 2, 2, 2, 2, 2, 2, 2, 2, 2, 2, 2, 2, 2, 2, 2, 2, 2, 1, 1, 1, 1, 1, 1, 1, 1, 1, 1, 1, 1, 1, 1, 1, 1, 1, 1, 1, 1, 1, 1, 1, 1, 1, 1, 1, 1, 1, 1, 1, 1, 1, 1, 1, 1, 1, 1, 1, 1, 1, 1, 1, 1, 1, 1, 1, 1, 1, 1, 1, 1, 1, 1, 1, 1, 1, 1, 1, 1, 1, 1, 1, 1, 1, 1, 1, 1, 1, 1, 1, 1, 1, 1, 1, 1, 1, 1, 1, 1, 1, 1, 1, 1, 1, 1, 1, 1, 1, 1, 1, 1, 1, 1, 1, 1, 1, 1, 1, 1, 1, 1, 1, 1, 1, 1, 1, 1, 1, 1, 1, 1, 1, 1, 1, 1, 1, 1, 1, 1, 1, 1, 1, 1, 1, 1, 1, 1, 1, 1, 1, 1, 1, 1, 1, 1, 1, 1, 1, 1, 1, 1, 1, 1, 1, 1, 1, 1, 1, 1, 1, 1, 1, 1, 1, 1, 1, 1, 1, 1, 1, 1, 1, 1, 1, 1, 1, 1, 1, 1, 1, 1, 1, 1, 1, 1, 1, 1, 1, 1, 1, 1, 1, 1, 1, 1, 1, 1, 1, 1, 1, 1, 1, 1, 1, 1, 1, -1, -1, -1, -1, -1, -1, -1, -1, -1, -1, -1, -1, -1, -1, -1, -1, -1, -1, -1, -1, -1, -1, -1, -1, -1, -1, -1, -1, -1, -1, -1, -1, -1, -1, -1, -1, -1, -1, -1, -1, -1, -1, -1, -1, -1, -1, -1, -1, -1, -1, -1, -1, -1, -1, -1, -1, -1, -1, -1, -1, -1, -1, -1, -1, -1, -1, -1, -1, -1, -1, -1, -1, -1, -1, -1, -1, -1, -1, -1, -1, -1, -1, -1, -1, -1, -1, -1, -1, -1, -1, -1, -1, -1, -1, -1, -1, -1, -1, -1, -1, -1, -1, -1, -1, -1, -1, -1, -1, -1, -1, -1, -1, -1, -1, -1, -1, -1, -1, -1, -1, -1, -1, -1, -1, -1, -1, -1, -1]
1 [1]
2 [1, 1]
1 [1]
15 [5, 2, 1, 1, 1, 1, 1, 1, -1, -1]
1 [1]
11 [4, 4, 1, 1, -1]
1 [1]
7 [5, 1, -1]
1 [1]
13 [11, 1, -1]
7 [4, 1, -1, -1]
1 [1]
34 [4, 2, 2, 2, 2, 2, 2, 1, 1, 1, 1, 1, 1, 1, 1, 1, 1, 1, 1, 1, 1, 1, -1, -1, -1]
1 [1]
1 [1]
3 [2, 1]
5 [2, 1, 1, 1]
1 [1]
2 [1, -1]
15 [5, 5, 1, 1, 1, -1, -1]
1 [1]
9 [8, -1]
2 [1, 1]
23 [21, 1, -1]
1 [1]
2 [1, -1]
1 [1]
15 [2, 1, 1, 1, 1, 1, 1, 1, 1, 1, -1, -1, -1, -1]
4 [1, 1, -1, -1]
1 [1]
25 [17, 7, 1]
1 [1]
1 [1]
1 [1]
9 [1, 1, 1, 1, 1, 1, -1, -1, -1]
4 [1, 1, 1, 1]
2 [1, -1]
4 [1, 1, 1, -1]
26 [5, 3, 2, 2, 1, 1, 1, 1, 1, 1, 1, -1, -1, -1, -1, -1, -1, -1]
1 [1]
1 [1]
1 [1]
2 [1, -1]
7 [3, 1, 1, 1, -1]
17 [1, 1, 1, 1, 1, 1, 1, 1, 1, 1, 1, 1, 1, -1, -1, -1, -1]
1 [1]
1 [1]
2 [1, 1]
1 [1]
6 [2, 1, -1, -1, -1]
1 [1]
1 [1]
9 [1, 1, 1, 1, 1, -1, -1, -1, -1]
2 [1, 1]
7 [2, 1, 1, 1, -1, -1]
1 [1]
1 [1]
2 [1, 1]
12 [10, 1, 1]
3 [1, 1, -1]
1 [1]
10 [1, 1, 1, 1, 1, 1, 1, 1, -1, -1]
1 [1]
2 [1, -1]
34 [2, 1, 1, 1, 1, 1, 1, 1, 1, 1, 1, 1, 1, 1, 1, 1, 1, 1, 1, 1, 1, 1, 1, 1, 1, 1, 1, -1, -1, -1, -1, -1, -1]
5 [3, 1, 1]
8 [7, 1]
11 [3, 1, 1, 1, 1, 1, 1, 1, -1]
1 [1]
3 [1, 1, 1]
13 [12, 1]
1 [1]
2 [1, -1]
1 [1]
23 [3, 2, 2, 1, 1, 1, 1, 1, 1, 1, 1, 1, 1, 1, 1, -1, -1, -1, -1]
2 [1, 1]
40 [5, 4, 3, 1, 1, 1, 1, 1, 1, 1, 1, 1, 1, 1, 1, 1, 1, 1, 1, 1, 1, 1, -1, -1, -1, -1, -1, -1, -1, -1, -1]
4 [3, -1]
17 [6, 2, 1, 1, 1, 1, 1, -1, -1, -1, -1]
1 [1]
123 [11, 10, 4, 4, 4, 2, 2, 2, 2, 2, 1, 1, 1, 1, 1, 1, 1, 1, 1, 1, 1, 1, 1, 1, 1, 1, 1, 1, 1, 1, 1, 1, 1, 1, 1, 1, 1, 1, 1, 1, 1, 1, 1, 1, 1, 1, 1, 1, 1, 1, 1, 1, 1, 1, 1, 1, 1, 1, 1, -1, -1, -1, -1, -1, -1, -1, -1, -1, -1, -1, -1, -1, -1, -1, -1, -1, -1, -1, -1, -1, -1, -1, -1, -1, -1, -1, -1, -1, -1, -1]
1 [1]
1 [1]
1 [1]
2 [1, 1]
1 [1]
1 [1]
1 [1]
2 [-1, -1]
2 [1, -1]
1 [1]
10 [2, 1, 1, 1, 1, 1, 1, -1, -1]
3 [1, -1, -1]
3 [2, 1]
2 [-1, -1]
1 [1]
2 [1, 1]
1 [1]
1 [1]
1 [1]
2 [1, 1]
7 [2, 1, 1, 1, 1, -1]
3 [1, 1, -1]
1 [1]
2 [1, -1]
54 [51, -1, -1, -1]
5 [1, 1, 1, -1, -1]
138 [27, 3, 3, 3, 3, 3, 2, 2, 2, 2, 1, 1, 1, 1, 1, 1, 1, 1, 1, 1, 1, 1, 1, 1, 1, 1, 1, 1, 1, 1, 1, 1, 1, 1, 1, 1, 1, 1, 1, 1, 1, 1, 1, 1, 1, 1, 1, 1, 1, 1, 1, 1, 1, 1, 1, 1, 1, 1, 1, 1, 1, 1, 1, 1, 1, 1, 1, 1, 1, 1, -1, -1, -1, -1, -1, -1, -1, -1, -1, -1, -1, -1, -1, -1, -1, -1, -1, -1, -1, -1, -1, -1, -1, -1, -1, -1, -1, -1]
2 [1, 1]
1 [1]
26 [2, 2, 1, 1, 1, 1, 1, 1, 1, 1, 1, 1, 1, 1, 1, 1, 1, -1, -1, -1, -1, -1, -1, -1]
4 [1, 1, -1, -1]
3 [1, 1, 1]
1 [1]
4 [3, -1]
1 [1]
1 [1]
1 [1]
23 [3, 1, 1, 1, 1, 1, 1, 1, 1, 1, 1, 1, 1, -1, -1, -1, -1, -1, -1, -1, -1]
2 [1, 1]
1 [1]
2 [-1, -1]
1 [1]
5 [1, 1, 1, -1, -1]
1 [1]
1 [1]
2 [1, -1]
1 [1]
1 [1]
3 [1, 1, -1]
4 [1, 1, 1, -1]
1 [1]
1 [1]
2 [1, 1]
2 [-1, -1]
8 [1, 1, -1, -1, -1, -1, -1, -1]
3 [1, 1, 1]
3 [2, -1]
1 [1]
2 [1, -1]
1 [1]
2 [1, 1]
1 [1]
1 [1]
1 [1]
4 [1, 1, -1, -1]
1 [1]
1 [1]
2 [1, 1]
6 [2, 1, 1, -1, -1]
1 [1]
1 [1]
1 [1]
3 [1, 1, -1]
3 [1, 1, -1]
1 [1]
1 [1]
9 [1, 1, 1, 1, 1, 1, 1, -1, -1]
1 [1]
1 [1]
22 [1, 1, 1, 1, 1, 1, 1, 1, 1, 1, 1, 1, 1, -1, -1, -1, -1, -1, -1, -1, -1, -1]
1 [1]
1 [1]
1 [1]
1 [1]
1 [1]
1 [1]
1 [1]
2 [1, -1]
1 [1]
1 [1]
1 [1]
1 [1]
2 [1, -1]
3 [1, 1, -1]
4 [1, 1, 1, -1]
1 [1]
5 [1, 1, 1, 1, -1]
1 [1]
1 [1]
1 [1]
2 [1, -1]
6 [1, 1, 1, 1, -1, -1]
1 [1]
3 [1, -1, -1]
2 [-1, -1]
1 [1]
1 [1]
2 [-1, -1]
2 [1, 1]
1 [1]
1 [1]
1 [1]
14 [1, 1, 1, 1, 1, 1, 1, 1, 1, -1, -1, -1, -1, -1]
1 [1]
2 [-1, -1]
1 [1]
1 [1]
1 [1]
1 [1]
1 [1]
1 [1]
2 [1, -1]
5 [1, 1, 1, 1, 1]
2 [1, 1]
2 [1, -1]
1 [1]
1 [1]
1 [1]
1 [1]
4 [1, 1, 1, -1]
1 [1]
1 [1]
1 [1]
1 [1]
2 [1, 1]
1 [1]
6 [2, 1, -1, -1, -1]
3 [1, 1, -1]
10 [1, 1, 1, 1, 1, 1, 1, 1, -1, -1]
1 [1]
1 [1]
2 [1, -1]
1 [1]
1 [1]
1 [1]
1 [1]
2 [1, -1]
1 [1]
1 [1]
1 [1]
1 [1]
5 [1, 1, -1, -1, -1]
1 [1]
2 [1, -1]
1 [1]
2 [1, -1]
1 [1]
3 [1, 1, -1]
1 [1]
1 [1]
1 [1]
1 [1]
1 [1]
2 [1, 1]
1 [1]
2 [1, -1]
1 [1]
1 [1]
1 [1]
6 [1, 1, 1, -1, -1, -1]
1 [1]
1 [1]
2 [1, -1]
1 [1]
1 [1]
7 [2, 1, 1, 1, 1, -1]
1 [1]
1 [1]
1 [1]
1 [1]
1 [1]
6 [1, 1, 1, 1, 1, 1]
2 [-1, -1]
2 [1, 1]
1 [1]
1 [1]
1 [1]
1 [1]
1 [1]
2 [-1, -1]
1 [1]
1 [1]
1 [1]
1 [1]
1 [1]
1 [1]
1 [1]
2 [1, -1]
2 [1, -1]
1 [1]
2 [-1, -1]
1 [1]
1 [1]
1 [1]
1 [1]
1 [1]
1 [1]
1 [1]
1 [1]
1 [1]
1 [1]
1 [1]
1 [1]
1 [1]
1 [1]
1 [1]
1 [1]
1 [1]
1 [1]
2 [1, -1]
2 [1, 1]
1 [1]
1 [1]
1 [1]
1 [1]
1 [1]
1 [1]
2 [1, -1]
2 [1, -1]
1 [1]
1 [1]
1 [1]
1 [1]
1 [1]
1 [1]
1 [1]
1 [1]
1 [1]
1 [1]
1 [1]
1 [1]
1 [1]
1 [1]
1 [1]
1 [1]
1 [1]
1 [1]
1 [1]
1 [1]
1 [1]
1 [1]
1 [1]
1 [1]
1 [1]
1 [1]
1 [1]
1 [1]
1 [1]
1 [1]
1 [1]
1 [1]
1 [1]
1 [1]
1 [1]
1 [1]
1 [1]
1 [1]
1 [1]
1 [1]
1 [1]
1 [1]
1 [1]
1 [1]
1 [1]
1 [1]
1 [1]
1 [1]
1 [1]
1 [1]
1 [1]
1 [1]
1 [1]
1 [1]
1 [1]
1 [1]
1 [1]
1 [1]
1 [1]
1 [1]
1 [1]
1 [1]
1 [1]
1 [1]
1 [1]
1 [1]
1 [1]
1 [1]
1 [1]
1 [1]
1 [1]
1 [1]
1 [1]
1 [1]
1 [1]
1 [1]
1 [1]
1 [1]
1 [1]
1 [1]
1 [1]
1 [1]
1 [1]
1 [1]
1 [1]
1 [1]
1 [1]
1 [1]
1 [1]
1 [1]
1 [1]
1 [1]
1 [1]
1 [1]
1 [1]
1 [1]
1 [1]
1 [1]
1 [1]
1 [1]
1 [1]
1 [1]
1 [1]
1 [1]
1 [1]
1 [1]
1 [1]
1 [1]
1 [1]
1 [1]
1 [1]
1 [1]
1 [1]
1 [1]
1 [1]
1 [1]
1 [1]
1 [1]
1 [1]
1 [1]
1 [1]
1 [1]
1 [1]
1 [1]
1 [1]
1 [1]
1 [1]
1 [1]
1 [1]
1 [1]
1 [1]
1 [1]
1 [1]
1 [1]
1 [1]
1 [1]
1 [1]
1 [1]
1 [1]
1 [1]
1 [1]
1 [1]
1 [1]
1 [1]
1 [1]
1 [1]
1 [1]
1 [1]
1 [1]
1 [1]
1 [1]
1 [1]
1 [1]
1 [1]
1 [1]
1 [1]
1 [1]
1 [1]
1 [1]
1 [1]
1 [1]
1 [1]
1 [1]
1 [1]
1 [1]
1 [1]
1 [1]
1 [1]
1 [1]
1 [1]
1 [1]
1 [1]
1 [1]
1 [1]
1 [1]
1 [1]
1 [1]
1 [1]
1 [1]
1 [1]
1 [1]
1 [1]
1 [1]
1 [1]
1 [1]
1 [1]
1 [1]
1 [1]
1 [1]
1 [1]
1 [1]
1 [1]
1 [1]
1 [1]
1 [1]
1 [1]
1 [1]
1 [1]
1 [1]
1 [1]
1 [1]
1 [1]
1 [1]
1 [1]
1 [1]
1 [1]
1 [1]
1 [1]
1 [1]
1 [1]
1 [1]
1 [1]
1 [1]
1 [1]
1 [1]
1 [1]
1 [1]
1 [1]
1 [1]
1 [1]
1 [1]
1 [1]
1 [1]
1 [1]
1 [1]
1 [1]
1 [1]
1 [1]
1 [1]
1 [1]
1 [1]
1 [1]
1 [1]
1 [1]
1 [1]
1 [1]
1 [1]
1 [1]
1 [1]
1 [1]
1 [1]
1 [1]
1 [1]
1 [1]
1 [1]
1 [1]
1 [1]
1 [1]
1 [1]
1 [1]
1 [1]
1 [1]
1 [1]
1 [1]
1 [1]
1 [1]
1 [1]
1 [1]
1 [1]
1 [1]
1 [1]
1 [1]
1 [1]
1 [1]
1 [1]
1 [1]
1 [1]
1 [1]
1 [1]
1 [1]
1 [1]
1 [1]
1 [1]
1 [1]
1 [1]
1 [1]
1 [1]
1 [1]
1 [1]
1 [1]
1 [1]
1 [1]
1 [1]
1 [1]
1 [1]
1 [1]
1 [1]
1 [1]
1 [1]
1 [1]
1 [1]
1 [1]
1 [1]
1 [1]
1 [1]
1 [1]
1 [1]
1 [1]
1 [1]
1 [1]
1 [1]
1 [1]
1 [1]
1 [1]
1 [1]
1 [1]
1 [1]
1 [1]
1 [1]
1 [1]
1 [1]
1 [1]
1 [1]
1 [1]
1 [1]
1 [1]
1 [1]
1 [1]
1 [1]
1 [1]
1 [1]
1 [1]
1 [1]
1 [1]
1 [1]
1 [1]
1 [1]
1 [1]
1 [1]
1 [1]
1 [1]
1 [1]
1 [1]
1 [1]
1 [1]
1 [1]
1 [1]
1 [1]
1 [1]
1 [1]
1 [1]
1 [1]
1 [1]
1 [1]
1 [1]
1 [1]
1 [1]
1 [1]
1 [1]
1 [1]
1 [1]
1 [1]
1 [1]
1 [1]
1 [1]
1 [1]
1 [1]
1 [1]
1 [1]
1 [1]
1 [1]
1 [1]
1 [1]
1 [1]
1 [1]
1 [1]
1 [1]
1 [1]
1 [1]
1 [1]
1 [1]
1 [1]
1 [1]
1 [1]
1 [1]
1 [1]
1 [1]
1 [1]
1 [1]
1 [1]
1 [1]
1 [1]
1 [1]
1 [1]
1 [1]
1 [1]
1 [1]
1 [1]
1 [1]
1 [1]
1 [1]
1 [1]
1 [1]
1 [1]
1 [1]
1 [1]
1 [1]
1 [1]
1 [1]
1 [1]
1 [1]
1 [1]
1 [1]
1 [1]
1 [1]
1 [1]
1 [1]
1 [1]
1 [1]
1 [1]
1 [1]
1 [1]
1 [1]
1 [1]
1 [1]
1 [1]
1 [1]
1 [1]
1 [1]
1 [1]
1 [1]
1 [1]
1 [1]
1 [1]
