158 [97, 50, 9, 2]
28 [26, 1, -1]
4 [2, 1, 1]
2 [1, 1]
6 [1, 1, 1, 1, -1, -1]
3 [1, 1, -1]
27 [18, 1, 1, 1, 1, 1, 1, 1, -1, -1]
2 [1, 1]
2 [1, -1]
2 [1, 1]
3 [1, 1, -1]
2 [1, -1]
6 [1, 1, -1, -1, -1, -1]
3 [1, 1, -1]
2 [1, -1]
2 [1, -1]
3 [2, 1]
2 [1, 1]
3 [1, -1, -1]
2 [1, -1]
3 [1, 1, 1]
7 [1, 1, 1, -1, -1, -1, -1]
3 [1, -1, -1]
2 [1, -1]
2 [1, -1]
3 [1, 1, 1]
2 [1, -1]
2 [1, 1]
4 [1, 1, 1, -1]
6 [4, -1, -1]
2 [1, -1]
6 [1, 1, 1, 1, 1, 1]
2 [1, 1]
2 [1, -1]
2 [-1, -1]
31 [2, 2, 1, 1, 1, 1, 1, 1, 1, 1, 1, 1, 1, 1, 1, 1, 1, 1, 1, 1, 1, 1, 1, -1, -1, -1, -1, -1, -1]
2 [1, 1]
10 [1, 1, 1, 1, 1, -1, -1, -1, -1, -1]
4 [1, -1, -1, -1]
2 [1, -1]
2 [1, 1]
100 [3, 3, 2, 1, 1, 1, 1, 1, 1, 1, 1, 1, 1, 1, 1, 1, 1, 1, 1, 1, 1, 1, 1, 1, 1, 1, 1, 1, 1, 1, 1, 1, 1, 1, 1, 1, 1, 1, 1, 1, 1, 1, 1, 1, 1, 1, 1, 1, 1, 1, 1, 1, 1, 1, 1, 1, 1, 1, 1, 1, -1, -1, -1, -1, -1, -1, -1, -1, -1, -1, -1, -1, -1, -1, -1, -1, -1, -1, -1, -1, -1, -1, -1, -1, -1, -1, -1, -1, -1, -1, -1, -1, -1, -1, -1]
3 [1, 1, 1]
2 [1, 1]
2 [-1, -1]
2 [1, -1]
3 [1, -1, -1]
13 [2, 1, 1, 1, 1, 1, 1, 1, -1, -1, -1, -1]
2 [1, 1]
6 [5, -1]
3 [1, 1, -1]
2 [-1, -1]
3 [1, 1, 1]
2 [1, 1]
9 [3, 1, 1, 1, -1, -1, -1]
9 [1, 1, 1, 1, 1, -1, -1, -1, -1]
2 [1, -1]
14 [4, 2, 1, 1, 1, 1, 1, 1, 1, 1]
5 [1, -1, -1, -1, -1]
3 [1, 1, -1]
14 [2, 1, 1, 1, 1, 1, 1, 1, 1, 1, 1, -1, -1]
2 [1, 1]
7 [5, 1, -1]
2 [1, -1]
2 [-1, -1]
3 [1, -1, -1]
57 [55, 1, 1]
3 [1, 1, 1]
63 [10, 6, 4, 3, 2, 1, 1, 1, 1, 1, 1, 1, 1, 1, 1, 1, 1, 1, 1, 1, 1, 1, 1, 1, 1, 1, 1, 1, -1, -1, -1, -1, -1, -1, -1, -1, -1, -1, -1, -1, -1, -1, -1]
2 [1, -1]
4 [1, 1, 1, -1]
10 [6, 1, 1, 1, -1]
3 [2, -1]
2 [1, -1]
3 [1, 1, 1]
4 [1, 1, 1, 1]
2 [1, -1]
10 [1, 1, 1, 1, 1, 1, 1, 1, -1, -1]
2 [1, -1]
2 [1, 1]
2 [1, -1]
4 [1, -1, -1, -1]
2 [1, -1]
6 [1, 1, -1, -1, -1, -1]
