3 [1, -1, -1]
2 [1, -1]
2 [1, -1]
160 [159, 1]
11 [2, 2, 1, 1, 1, 1, 1, 1, 1]
43 [6, 4, 2, 2, 1, 1, 1, 1, 1, 1, 1, 1, 1, 1, 1, 1, 1, 1, 1, 1, 1, 1, 1, 1, 1, -1, -1, -1, -1, -1, -1, -1, -1]
2 [-1, -1]
2 [1, -1]
2 [1, -1]
2 [1, 1]
40 [21, 9, 6, 2, 1, 1]
2 [1, 1]
3 [1, 1, -1]
5 [4, 1]
6 [1, 1, 1, 1, 1, -1]
2 [1, 1]
4 [1, 1, 1, -1]
2 [1, -1]
2 [1, -1]
7 [2, 1, 1, 1, 1, -1]
2 [1, 1]
2 [1, 1]
2 [-1, -1]
2 [1, -1]
29 [4, 2, 1, 1, 1, 1, 1, 1, 1, 1, 1, 1, 1, 1, 1, -1, -1, -1, -1, -1, -1, -1, -1, -1, -1]
5 [1, 1, 1, -1, -1]
17 [1, 1, 1, 1, 1, 1, 1, 1, 1, -1, -1, -1, -1, -1, -1, -1, -1]
3 [1, 1, 1]
3 [1, -1, -1]
2 [-1, -1]
2 [1, 1]
3 [1, 1, 1]
2 [1, 1]
2 [1, -1]
2 [1, -1]
2 [1, 1]
2 [1, -1]
2 [1, -1]
2 [1, 1]
2 [1, -1]
2 [-1, -1]
2 [1, -1]
2 [1, 1]
9 [1, 1, 1, 1, 1, 1, 1, -1, -1]
2 [-1, -1]
2 [1, 1]
4 [1, 1, -1, -1]
2 [1, -1]
2 [1, 1]
2 [1, 1]
2 [1, -1]
2 [1, -1]
3 [2, 1]
13 [3, 2, 1, 1, 1, 1, -1, -1, -1, -1]
5 [3, 1, 1]
