2 [1, 1]
93 [77, 1, 1, 1, 1, 1, 1, 1, 1, 1, 1, 1, 1, 1, -1, -1, -1]
4 [3, -1]
48 [42, 2, 1, 1, 1, -1]
2 [1, 1]
3 [2, -1]
2 [-1, -1]
2 [-1, -1]
2 [1, -1]
3 [2, -1]
2 [1, 1]
29 [3, 2, 2, 2, 1, 1, 1, 1, 1, 1, 1, 1, 1, 1, -1, -1, -1, -1, -1, -1, -1, -1, -1, -1]
11 [2, 1, 1, 1, 1, 1, 1, 1, 1, -1]
10 [2, 1, 1, 1, 1, 1, 1, -1, -1]
2 [1, 1]
2 [1, 1]
4 [3, -1]
2 [1, -1]
2 [1, -1]
7 [2, 1, 1, 1, 1, 1]
2 [-1, -1]
5 [1, 1, 1, 1, 1]
2 [1, -1]
3 [1, 1, 1]
2 [1, 1]
4 [2, 1, 1]
2 [-1, -1]
2 [1, 1]
2 [-1, -1]
7 [1, 1, 1, 1, -1, -1, -1]
90 [89, 1]
2 [1, 1]
5 [2, 1, 1, -1]
2 [1, 1]
50 [16, 4, 3, 3, 2, 2, 1, 1, 1, 1, 1, 1, 1, 1, 1, 1, 1, 1, -1, -1, -1, -1, -1, -1, -1, -1]
149 [139, 3, 2, 1, -1, -1, -1, -1]
34 [6, 2, 2, 1, 1, 1, 1, 1, 1, 1, 1, 1, 1, 1, 1, -1, -1, -1, -1, -1, -1, -1, -1, -1, -1, -1, -1]
3 [2, -1]
2 [1, 1]
11 [1, 1, 1, 1, 1, 1, 1, 1, 1, -1, -1]
2 [1, -1]
3 [1, 1, -1]
13 [1, 1, 1, 1, 1, 1, 1, 1, 1, 1, -1, -1, -1]
6 [1, 1, 1, -1, -1, -1]
13 [1, 1, 1, 1, 1, 1, 1, 1, 1, -1, -1, -1, -1]
4 [1, 1, 1, 1]
2 [1, 1]
2 [-1, -1]
9 [1, 1, 1, 1, 1, 1, 1, 1, -1]
4 [1, 1, 1, 1]
3 [2, 1]
