3 [-1, -1, -1]
5 [4, 1]
14 [5, 4, 1, 1, 1, 1, -1]
3 [1, 1, -1]
12 [1, 1, 1, 1, 1, -1, -1, -1, -1, -1, -1, -1]
3 [1, 1, -1]
2 [1, -1]
2 [1, 1]
4 [1, 1, 1, -1]
3 [1, -1, -1]
3 [2, 1]
2 [1, -1]
2 [1, 1]
3 [1, -1, -1]
2 [1, -1]
5 [1, 1, 1, -1, -1]
2 [1, 1]
80 [5, 4, 4, 2, 2, 1, 1, 1, 1, 1, 1, 1, 1, 1, 1, 1, 1, 1, 1, 1, 1, 1, 1, 1, 1, 1, 1, 1, 1, 1, 1, 1, 1, 1, 1, 1, 1, 1, 1, 1, 1, 1, 1, 1, 1, 1, 1, 1, 1, 1, 1, -1, -1, -1, -1, -1, -1, -1, -1, -1, -1, -1, -1, -1, -1, -1, -1, -1]
3 [1, 1, -1]
2 [1, -1]
18 [10, 4, 1, 1, 1, -1]
3 [1, 1, -1]
2 [1, -1]
4 [1, 1, 1, 1]
2 [1, -1]
47 [8, 3, 2, 2, 1, 1, 1, 1, 1, 1, 1, 1, 1, 1, 1, 1, 1, 1, 1, 1, 1, 1, 1, 1, -1, -1, -1, -1, -1, -1, -1, -1, -1, -1, -1, -1]
2 [1, 1]
4 [1, 1, 1, -1]
3 [1, 1, -1]
146 [137, 4, 1, 1, -1, -1, -1]
4 [3, -1]
5 [1, 1, -1, -1, -1]
4 [2, 1, 1]
51 [4, 2, 1, 1, 1, 1, 1, 1, 1, 1, 1, 1, 1, 1, 1, 1, 1, 1, 1, 1, 1, 1, 1, 1, 1, 1, -1, -1, -1, -1, -1, -1, -1, -1, -1, -1, -1, -1, -1, -1, -1, -1, -1, -1, -1, -1, -1]
12 [1, 1, 1, 1, 1, 1, 1, 1, 1, 1, -1, -1]
2 [1, 1]
2 [1, -1]
5 [2, 1, 1, 1]
22 [19, 2, 1]
2 [1, -1]
2 [-1, -1]
2 [1, -1]
3 [1, 1, -1]
2 [1, 1]
2 [1, 1]
2 [1, -1]
2 [1, -1]
12 [4, 1, 1, 1, 1, 1, 1, -1, -1]
5 [1, 1, 1, -1, -1]
4 [1, 1, 1, -1]
5 [1, 1, 1, -1, -1]
2 [-1, -1]
16 [3, 2, 1, 1, 1, 1, 1, 1, 1, 1, -1, -1, -1]
3 [2, 1]
2 [1, -1]
3 [1, 1, -1]
4 [3, 1]
2 [-1, -1]
4 [1, 1, -1, -1]
3 [1, -1, -1]
32 [15, 5, 4, 2, 1, 1, 1, 1, 1, -1]
6 [1, 1, 1, 1, -1, -1]
2 [1, -1]
9 [3, 1, 1, 1, -1, -1, -1]
5 [1, 1, -1, -1, -1]
3 [-1, -1, -1]
3 [1, 1, 1]
2 [1, -1]
2 [1, 1]
2 [1, -1]
2 [1, -1]
2 [1, 1]
2 [1, -1]
4 [2, 1, 1]
4 [1, 1, 1, -1]
2 [1, -1]
6 [1, 1, -1, -1, -1, -1]
2 [1, 1]
3 [2, -1]
14 [3, 3, 1, 1, 1, -1, -1, -1, -1, -1]
3 [2, -1]
19 [12, 1, 1, 1, 1, 1, 1, 1]
3 [1, -1, -1]
2 [1, -1]
9 [7, 1, -1]
2 [1, 1]
2 [1, 1]
51 [41, 1, 1, 1, 1, 1, 1, -1, -1, -1, -1]
2 [1, -1]
2 [1, -1]
3 [1, -1, -1]
2 [1, 1]
4 [2, 1, -1]
2 [1, 1]
15 [14, 1]
12 [1, 1, 1, 1, 1, 1, -1, -1, -1, -1, -1, -1]
2 [1, 1]
3 [-1, -1, -1]
10 [4, 1, 1, 1, -1, -1, -1]
8 [1, 1, 1, 1, 1, -1, -1, -1]
4 [-1, -1, -1, -1]
