13 [2, 1, 1, 1, 1, 1, 1, 1, 1, 1, -1, -1]
3 [1, -1, -1]
2 [1, 1]
2 [1, 1]
2 [1, -1]
2 [1, 1]
2 [1, -1]
2 [1, -1]
3 [1, -1, -1]
2 [1, 1]
6 [5, -1]
3 [-1, -1, -1]
4 [1, 1, -1, -1]
4 [1, -1, -1, -1]
3 [2, -1]
2 [1, -1]
2 [1, -1]
7 [2, 1, 1, 1, -1, -1]
8 [1, 1, 1, -1, -1, -1, -1, -1]
4 [1, 1, 1, 1]
3 [1, -1, -1]
6 [1, 1, 1, 1, 1, -1]
2 [-1, -1]
3 [1, 1, -1]
6 [1, 1, 1, -1, -1, -1]
2 [1, 1]
2 [-1, -1]
2 [-1, -1]
2 [1, -1]
6 [1, 1, 1, 1, -1, -1]
2 [1, -1]
2 [-1, -1]
4 [-1, -1, -1, -1]
3 [1, -1, -1]
2 [1, -1]
4 [3, -1]
2 [-1, -1]
13 [1, 1, 1, 1, 1, 1, -1, -1, -1, -1, -1, -1, -1]
2 [1, 1]
2 [1, -1]
3 [1, 1, -1]
4 [1, 1, 1, -1]
3 [1, -1, -1]
2 [1, 1]
2 [-1, -1]
2 [1, -1]
2 [1, 1]
4 [3, 1]
2 [1, 1]
3 [-1, -1, -1]
3 [1, -1, -1]
2 [1, -1]
3 [1, 1, 1]
3 [-1, -1, -1]
3 [1, 1, -1]
12 [3, 2, 1, 1, 1, -1, -1, -1, -1]
2 [1, 1]
2 [-1, -1]
2 [-1, -1]
14 [1, 1, 1, 1, 1, 1, 1, -1, -1, -1, -1, -1, -1, -1]
2 [-1, -1]
4 [1, 1, 1, 1]
24 [2, 1, 1, 1, 1, 1, 1, 1, 1, 1, 1, 1, -1, -1, -1, -1, -1, -1, -1, -1, -1, -1, -1]
96 [7, 3, 3, 3, 3, 2, 2, 2, 2, 2, 1, 1, 1, 1, 1, 1, 1, 1, 1, 1, 1, 1, 1, 1, 1, 1, 1, 1, 1, 1, 1, 1, 1, 1, 1, 1, 1, 1, 1, 1, 1, 1, 1, 1, 1, 1, 1, 1, 1, 1, 1, 1, 1, 1, 1, 1, 1, 1, 1, 1, -1, -1, -1, -1, -1, -1, -1, -1, -1, -1, -1, -1, -1, -1, -1, -1, -1]
2 [1, -1]
2 [1, -1]
4 [1, 1, -1, -1]
3 [2, 1]
4 [1, 1, 1, -1]
2 [-1, -1]
38 [3, 1, 1, 1, 1, 1, 1, 1, 1, 1, 1, 1, 1, 1, 1, 1, 1, 1, 1, 1, 1, -1, -1, -1, -1, -1, -1, -1, -1, -1, -1, -1, -1, -1, -1, -1]
7 [1, 1, 1, -1, -1, -1, -1]
2 [1, -1]
7 [2, 1, 1, 1, 1, -1]
10 [9, -1]
4 [3, 1]
19 [1, 1, 1, 1, 1, 1, 1, 1, 1, -1, -1, -1, -1, -1, -1, -1, -1, -1, -1]
2 [1, -1]
2 [1, 1]
2 [-1, -1]
24 [8, 1, 1, 1, 1, 1, 1, 1, 1, 1, 1, 1, -1, -1, -1, -1, -1]
3 [1, -1, -1]
2 [1, 1]
2 [1, -1]
2 [1, 1]
2 [-1, -1]
2 [1, 1]
2 [1, -1]
4 [3, 1]
2 [1, -1]
2 [1, -1]
2 [1, -1]
40 [33, 2, 1, 1, 1, 1, -1]
23 [1, 1, 1, 1, 1, 1, 1, 1, 1, 1, 1, 1, 1, 1, 1, -1, -1, -1, -1, -1, -1, -1, -1]
21 [12, 1, 1, 1, 1, 1, 1, -1, -1, -1]
2 [1, 1]
2 [-1, -1]
2 [1, -1]
3 [1, 1, -1]
2 [1, -1]
2 [1, -1]
3 [1, 1, -1]
2 [1, 1]
4 [2, -1, -1]
2 [-1, -1]
2 [1, 1]
2 [1, 1]
5 [2, 1, -1, -1]
2 [1, -1]
2 [1, 1]
5 [2, 1, 1, 1]
4 [1, 1, -1, -1]
2 [1, 1]
23 [20, 1, -1, -1]
