28 [3, 2, 2, 2, 1, 1, 1, 1, 1, 1, 1, 1, 1, -1, -1, -1, -1, -1, -1, -1, -1, -1, -1]
2 [1, 1]
8 [2, 1, 1, 1, 1, 1, -1]
352 [43, 12, 4, 3, 3, 3, 3, 2, 2, 2, 2, 2, 2, 2, 2, 2, 2, 2, 2, 2, 2, 2, 1, 1, 1, 1, 1, 1, 1, 1, 1, 1, 1, 1, 1, 1, 1, 1, 1, 1, 1, 1, 1, 1, 1, 1, 1, 1, 1, 1, 1, 1, 1, 1, 1, 1, 1, 1, 1, 1, 1, 1, 1, 1, 1, 1, 1, 1, 1, 1, 1, 1, 1, 1, 1, 1, 1, 1, 1, 1, 1, 1, 1, 1, 1, 1, 1, 1, 1, 1, 1, 1, 1, 1, 1, 1, 1, 1, 1, 1, 1, 1, 1, 1, 1, 1, 1, 1, 1, 1, 1, 1, 1, 1, 1, 1, 1, 1, 1, 1, 1, 1, 1, 1, 1, 1, 1, 1, 1, 1, 1, 1, 1, 1, 1, 1, 1, 1, 1, 1, 1, 1, 1, 1, 1, 1, 1, 1, 1, 1, 1, 1, 1, 1, 1, 1, 1, 1, 1, 1, 1, 1, 1, 1, 1, 1, 1, 1, 1, -1, -1, -1, -1, -1, -1, -1, -1, -1, -1, -1, -1, -1, -1, -1, -1, -1, -1, -1, -1, -1, -1, -1, -1, -1, -1, -1, -1, -1, -1, -1, -1, -1, -1, -1, -1, -1, -1, -1, -1, -1, -1, -1, -1, -1, -1, -1, -1, -1, -1, -1, -1, -1, -1, -1, -1, -1, -1, -1, -1, -1, -1, -1, -1, -1, -1, -1, -1, -1, -1, -1, -1, -1, -1, -1, -1, -1, -1, -1, -1, -1, -1, -1, -1, -1, -1, -1, -1, -1, -1, -1, -1, -1, -1, -1, -1, -1, -1, -1, -1, -1, -1, -1, -1]
3 [1, 1, -1]
21 [2, 1, 1, 1, 1, 1, 1, 1, 1, 1, 1, 1, 1, 1, 1, -1, -1, -1, -1, -1]
2 [1, 1]
5 [4, 1]
2 [1, 1]
3 [-1, -1, -1]
2 [1, -1]
2 [1, -1]
2 [-1, -1]
3 [1, 1, -1]
2 [1, 1]
2 [1, -1]
2 [1, 1]
2 [1, -1]
10 [2, 1, 1, 1, 1, -1, -1, -1, -1]
8 [1, 1, 1, 1, 1, -1, -1, -1]
2 [1, 1]
6 [1, 1, 1, 1, -1, -1]
3 [1, 1, 1]
2 [1, 1]
3 [1, 1, 1]
12 [9, 3]
11 [2, 1, 1, 1, 1, -1, -1, -1, -1, -1]
7 [2, 1, 1, 1, 1, 1]
2 [1, -1]
2 [1, 1]
2 [1, 1]
63 [33, 3, 2, 2, 2, 2, 1, 1, 1, 1, 1, 1, 1, 1, 1, 1, 1, 1, 1, 1, 1, 1, -1, -1, -1]
2 [1, 1]
3 [1, 1, -1]
15 [1, 1, 1, 1, 1, 1, 1, 1, 1, 1, 1, -1, -1, -1, -1]
2 [1, 1]
3 [1, -1, -1]
2 [-1, -1]
25 [2, 1, 1, 1, 1, 1, 1, 1, 1, 1, 1, 1, 1, 1, 1, 1, 1, 1, -1, -1, -1, -1, -1, -1]
4 [1, 1, 1, -1]
6 [3, 2, 1]
2 [1, 1]
2 [1, 1]
4 [1, 1, -1, -1]
3 [1, 1, -1]
2 [1, -1]
43 [16, 16, 2, 1, 1, 1, 1, 1, 1, -1, -1, -1]
3 [1, 1, 1]
2 [1, 1]
2 [1, 1]
4 [1, 1, 1, 1]
3 [1, 1, -1]
17 [2, 1, 1, 1, 1, 1, 1, 1, 1, 1, 1, -1, -1, -1, -1, -1]
2 [1, -1]
9 [1, 1, 1, 1, 1, 1, 1, 1, -1]
6 [1, 1, 1, 1, -1, -1]
2 [1, 1]
10 [9, 1]
4 [1, -1, -1, -1]
2 [1, -1]
3 [1, 1, 1]
29 [2, 2, 2, 1, 1, 1, 1, 1, 1, 1, 1, 1, 1, 1, 1, 1, 1, 1, 1, 1, -1, -1, -1, -1, -1, -1]
3 [1, 1, 1]
134 [29, 12, 6, 2, 2, 2, 2, 1, 1, 1, 1, 1, 1, 1, 1, 1, 1, 1, 1, 1, 1, 1, 1, 1, 1, 1, 1, 1, 1, 1, 1, 1, 1, 1, 1, 1, 1, 1, 1, 1, 1, 1, 1, 1, 1, 1, 1, 1, 1, 1, -1, -1, -1, -1, -1, -1, -1, -1, -1, -1, -1, -1, -1, -1, -1, -1, -1, -1, -1, -1, -1, -1, -1, -1, -1, -1, -1, -1, -1, -1, -1, -1, -1, -1, -1, -1]
2 [1, -1]
109 [2, 2, 2, 2, 2, 2, 2, 1, 1, 1, 1, 1, 1, 1, 1, 1, 1, 1, 1, 1, 1, 1, 1, 1, 1, 1, 1, 1, 1, 1, 1, 1, 1, 1, 1, 1, 1, 1, 1, 1, 1, 1, 1, 1, 1, 1, 1, 1, 1, 1, 1, 1, 1, 1, 1, 1, 1, 1, 1, 1, 1, 1, 1, 1, 1, 1, 1, 1, 1, 1, 1, 1, 1, 1, -1, -1, -1, -1, -1, -1, -1, -1, -1, -1, -1, -1, -1, -1, -1, -1, -1, -1, -1, -1, -1, -1, -1, -1, -1, -1, -1, -1]
3 [1, 1, -1]
2 [1, -1]
2 [1, -1]
2 [1, -1]
2 [1, -1]
7 [6, -1]
3 [1, 1, 1]
2 [1, -1]
3 [1, 1, -1]
2 [1, -1]
3 [1, -1, -1]
4 [1, 1, 1, -1]
2 [1, -1]
2 [1, -1]
5 [1, 1, -1, -1, -1]
2 [1, -1]
3 [1, -1, -1]
4 [1, -1, -1, -1]
2 [1, -1]
3 [1, 1, 1]
2 [1, -1]
2 [1, -1]
3 [1, 1, 1]
2 [1, 1]
3 [1, 1, -1]
4 [2, 1, 1]
2 [1, 1]
2 [1, 1]
2 [1, -1]
5 [2, 1, 1, -1]
16 [7, 4, 3, 1, 1]
7 [1, 1, 1, 1, 1, -1, -1]
2 [1, 1]
2 [1, -1]
2 [1, 1]
3 [2, 1]
2 [1, -1]
3 [2, 1]
2 [1, -1]
3 [1, -1, -1]
4 [2, 1, 1]
30 [2, 2, 2, 2, 1, 1, 1, 1, 1, 1, 1, 1, 1, 1, 1, 1, 1, 1, 1, 1, 1, 1, -1, -1, -1, -1]
2 [1, 1]
3 [1, -1, -1]
2 [1, -1]
133 [7, 3, 3, 2, 2, 1, 1, 1, 1, 1, 1, 1, 1, 1, 1, 1, 1, 1, 1, 1, 1, 1, 1, 1, 1, 1, 1, 1, 1, 1, 1, 1, 1, 1, 1, 1, 1, 1, 1, 1, 1, 1, 1, 1, 1, 1, 1, 1, 1, 1, 1, 1, 1, 1, 1, 1, 1, 1, 1, 1, 1, 1, 1, 1, 1, 1, 1, 1, 1, 1, 1, 1, 1, 1, 1, 1, 1, 1, 1, 1, 1, 1, -1, -1, -1, -1, -1, -1, -1, -1, -1, -1, -1, -1, -1, -1, -1, -1, -1, -1, -1, -1, -1, -1, -1, -1, -1, -1, -1, -1, -1, -1, -1, -1, -1, -1, -1, -1, -1, -1, -1]
2 [1, 1]
2 [1, -1]
5 [1, 1, -1, -1, -1]
3 [1, -1, -1]
12 [1, 1, 1, 1, 1, 1, 1, 1, -1, -1, -1, -1]
2 [1, -1]
