115 [91, 6, 5, 4, 3, 2, 1, 1, 1, -1]
7 [4, 3]
31 [6, 2, 1, 1, 1, 1, 1, 1, 1, 1, 1, 1, 1, 1, 1, 1, 1, 1, -1, -1, -1, -1, -1, -1, -1]
2 [1, -1]
2 [1, -1]
7 [3, 1, -1, -1, -1]
2 [1, -1]
68 [21, 11, 2, 2, 2, 1, 1, 1, 1, 1, 1, 1, 1, 1, 1, 1, 1, 1, -1, -1, -1, -1, -1, -1, -1, -1, -1, -1, -1, -1, -1, -1, -1, -1, -1]
42 [39, 1, 1, 1]
2 [1, -1]
2 [1, -1]
2 [1, 1]
2 [1, 1]
7 [4, 1, 1, -1]
2 [-1, -1]
4 [1, 1, 1, 1]
2 [1, -1]
10 [4, 2, 2, 1, 1]
64 [3, 2, 1, 1, 1, 1, 1, 1, 1, 1, 1, 1, 1, 1, 1, 1, 1, 1, 1, 1, 1, 1, 1, 1, 1, 1, 1, 1, 1, 1, 1, 1, 1, 1, 1, 1, 1, 1, 1, -1, -1, -1, -1, -1, -1, -1, -1, -1, -1, -1, -1, -1, -1, -1, -1, -1, -1, -1, -1, -1, -1]
2 [-1, -1]
2 [1, -1]
2 [1, -1]
3 [1, -1, -1]
3 [1, -1, -1]
4 [-1, -1, -1, -1]
16 [5, 4, 3, -1, -1, -1, -1]
5 [1, 1, 1, 1, -1]
3 [-1, -1, -1]
