2 [-1, -1]
2 [1, -1]
3 [-1, -1, -1]
2 [1, -1]
8 [1, -1, -1, -1, -1, -1, -1, -1]
5 [1, 1, 1, 1, -1]
15 [3, 2, 1, 1, 1, 1, -1, -1, -1, -1, -1, -1]
11 [9, -1, -1]
8 [2, 1, 1, 1, 1, 1, 1]
2 [1, -1]
2 [1, 1]
2 [1, -1]
33 [2, 2, 2, 1, 1, 1, 1, 1, 1, 1, 1, 1, 1, 1, 1, 1, 1, 1, 1, -1, -1, -1, -1, -1, -1, -1, -1, -1, -1, -1]
2 [1, 1]
4 [-1, -1, -1, -1]
3 [1, 1, -1]
2 [1, -1]
4 [3, 1]
2 [1, -1]
2 [1, 1]
32 [1, 1, 1, 1, 1, 1, 1, 1, 1, 1, 1, 1, 1, 1, 1, 1, 1, -1, -1, -1, -1, -1, -1, -1, -1, -1, -1, -1, -1, -1, -1, -1]
4 [2, 1, 1]
2 [1, 1]
23 [15, 4, 1, 1, 1, -1]
2 [-1, -1]
4 [1, 1, 1, -1]
29 [16, 2, 1, 1, 1, 1, 1, -1, -1, -1, -1, -1, -1]
2 [1, -1]
9 [1, 1, 1, 1, 1, 1, 1, -1, -1]
4 [2, 1, 1]
3 [1, 1, -1]
2 [1, 1]
2 [1, -1]
2 [1, 1]
83 [4, 2, 2, 2, 2, 2, 2, 2, 1, 1, 1, 1, 1, 1, 1, 1, 1, 1, 1, 1, 1, 1, 1, 1, 1, 1, 1, 1, 1, 1, 1, 1, 1, 1, 1, 1, 1, 1, 1, 1, 1, 1, 1, 1, 1, 1, 1, 1, 1, 1, 1, 1, 1, 1, 1, 1, -1, -1, -1, -1, -1, -1, -1, -1, -1, -1, -1, -1, -1, -1, -1, -1, -1]
2 [1, -1]
2 [-1, -1]
2 [1, -1]
5 [1, 1, 1, -1, -1]
2 [1, -1]
2 [1, 1]
3 [1, 1, -1]
2 [1, 1]
28 [2, 1, 1, 1, 1, 1, 1, 1, 1, 1, 1, 1, 1, 1, 1, 1, 1, 1, 1, -1, -1, -1, -1, -1, -1, -1, -1]
2 [1, -1]
4 [3, 1]
2 [1, -1]
13 [1, 1, 1, 1, 1, 1, -1, -1, -1, -1, -1, -1, -1]
2 [1, -1]
2 [1, 1]
3 [1, 1, -1]
20 [1, 1, 1, 1, 1, 1, 1, 1, 1, 1, 1, -1, -1, -1, -1, -1, -1, -1, -1, -1]
10 [2, 1, 1, 1, 1, -1, -1, -1, -1]
4 [1, -1, -1, -1]
2 [-1, -1]
2 [1, -1]
3 [1, 1, -1]
3 [1, 1, 1]
4 [1, -1, -1, -1]
37 [2, 1, 1, 1, 1, 1, 1, 1, 1, 1, 1, 1, 1, 1, 1, 1, 1, 1, 1, 1, 1, 1, 1, 1, 1, 1, -1, -1, -1, -1, -1, -1, -1, -1, -1, -1]
4 [1, 1, 1, -1]
3 [1, 1, -1]
2 [1, 1]
2 [1, 1]
3 [2, 1]
2 [1, -1]
2 [1, 1]
2 [1, -1]
2 [1, 1]
2 [-1, -1]
2 [1, 1]
25 [1, 1, 1, 1, 1, 1, 1, 1, 1, 1, 1, 1, 1, 1, 1, -1, -1, -1, -1, -1, -1, -1, -1, -1, -1]
2 [1, -1]
2 [1, -1]
2 [1, 1]
2 [-1, -1]
2 [-1, -1]
2 [-1, -1]
4 [1, 1, 1, 1]
2 [1, 1]
42 [4, 2, 2, 1, 1, 1, 1, 1, 1, 1, 1, 1, 1, 1, 1, 1, 1, 1, 1, 1, 1, 1, 1, 1, 1, 1, 1, -1, -1, -1, -1, -1, -1, -1, -1, -1, -1]
2 [-1, -1]
6 [1, 1, -1, -1, -1, -1]
3 [2, -1]
2 [1, -1]
3 [1, -1, -1]
41 [2, 1, 1, 1, 1, 1, 1, 1, 1, 1, 1, 1, 1, 1, 1, 1, 1, 1, 1, 1, 1, 1, -1, -1, -1, -1, -1, -1, -1, -1, -1, -1, -1, -1, -1, -1, -1, -1, -1, -1]
4 [1, 1, 1, -1]
2 [1, -1]
2 [1, -1]
2 [1, -1]
2 [-1, -1]
2 [1, -1]
2 [1, -1]
4 [1, -1, -1, -1]
2 [1, -1]
46 [32, 1, 1, 1, 1, 1, 1, 1, 1, -1, -1, -1, -1, -1, -1]
3 [2, 1]
14 [1, 1, 1, 1, 1, 1, 1, 1, -1, -1, -1, -1, -1, -1]
23 [20, 3]
2 [-1, -1]
2 [1, 1]
25 [4, 2, 1, 1, 1, 1, 1, 1, 1, 1, 1, 1, 1, -1, -1, -1, -1, -1, -1, -1, -1]
