4 [2, 1, 1]
7 [6, 1]
7 [1, 1, 1, -1, -1, -1, -1]
2 [1, 1]
2 [1, -1]
2 [-1, -1]
2 [1, -1]
24 [4, 2, 1, 1, 1, 1, 1, 1, 1, 1, 1, 1, -1, -1, -1, -1, -1, -1, -1, -1]
3 [2, 1]
3 [1, -1, -1]
5 [2, 1, 1, 1]
4 [1, 1, 1, 1]
5 [1, 1, 1, 1, -1]
17 [16, 1]
293 [12, 10, 9, 6, 5, 4, 4, 3, 3, 3, 3, 3, 3, 3, 3, 3, 2, 2, 2, 2, 2, 2, 2, 2, 1, 1, 1, 1, 1, 1, 1, 1, 1, 1, 1, 1, 1, 1, 1, 1, 1, 1, 1, 1, 1, 1, 1, 1, 1, 1, 1, 1, 1, 1, 1, 1, 1, 1, 1, 1, 1, 1, 1, 1, 1, 1, 1, 1, 1, 1, 1, 1, 1, 1, 1, 1, 1, 1, 1, 1, 1, 1, 1, 1, 1, 1, 1, 1, 1, 1, 1, 1, 1, 1, 1, 1, 1, 1, 1, 1, 1, 1, 1, 1, 1, 1, 1, 1, 1, 1, 1, 1, 1, 1, 1, 1, 1, 1, 1, 1, 1, 1, 1, 1, 1, 1, 1, 1, 1, 1, 1, 1, 1, 1, 1, 1, 1, 1, 1, 1, 1, 1, 1, 1, 1, 1, -1, -1, -1, -1, -1, -1, -1, -1, -1, -1, -1, -1, -1, -1, -1, -1, -1, -1, -1, -1, -1, -1, -1, -1, -1, -1, -1, -1, -1, -1, -1, -1, -1, -1, -1, -1, -1, -1, -1, -1, -1, -1, -1, -1, -1, -1, -1, -1, -1, -1, -1, -1, -1, -1, -1, -1, -1, -1, -1, -1, -1, -1, -1, -1, -1, -1, -1, -1, -1, -1, -1, -1, -1, -1, -1, -1, -1, -1]
10 [4, 3, 2, 1]
4 [1, 1, 1, -1]
2 [1, -1]
3 [1, 1, -1]
3 [1, 1, -1]
2 [1, 1]
2 [1, 1]
2 [-1, -1]
2 [1, 1]
4 [1, 1, 1, -1]
3 [2, 1]
16 [4, 1, 1, 1, 1, 1, 1, 1, -1, -1, -1, -1, -1]
2 [1, 1]
3 [1, 1, -1]
3 [2, 1]
2 [1, -1]
199 [88, 32, 16, 15, 5, 4, 3, 3, 2, 2, 1, 1, 1, 1, 1, 1, 1, 1, 1, 1, 1, 1, 1, 1, 1, 1, 1, 1, 1, 1, -1, -1, -1, -1, -1, -1, -1, -1, -1]
7 [2, 1, 1, 1, -1, -1]
2 [1, -1]
3 [-1, -1, -1]
64 [21, 4, 3, 2, 2, 2, 1, 1, 1, 1, 1, 1, 1, 1, 1, 1, 1, 1, 1, 1, 1, 1, 1, 1, 1, 1, 1, -1, -1, -1, -1, -1, -1, -1, -1, -1]
8 [6, 1, -1]
8 [4, 1, 1, -1, -1]
3 [1, 1, -1]
13 [1, 1, 1, 1, 1, 1, 1, 1, 1, -1, -1, -1, -1]
2 [1, 1]
7 [3, 1, 1, 1, -1]
7 [1, -1, -1, -1, -1, -1, -1]
20 [6, 5, 2, 1, 1, 1, 1, 1, -1, -1]
11 [1, 1, 1, 1, 1, 1, 1, -1, -1, -1, -1]
3 [2, 1]
3 [1, 1, -1]
2 [1, -1]
3 [1, -1, -1]
4 [1, 1, 1, -1]
2 [-1, -1]
7 [1, 1, 1, 1, -1, -1, -1]
3 [-1, -1, -1]
2 [-1, -1]
6 [1, 1, 1, -1, -1, -1]
23 [3, 1, 1, 1, 1, 1, 1, 1, 1, 1, 1, 1, -1, -1, -1, -1, -1, -1, -1, -1, -1]
4 [2, 1, 1]
2 [1, 1]
2 [-1, -1]
2 [1, -1]
28 [5, 3, 3, 2, 2, 1, 1, 1, 1, 1, 1, 1, -1, -1, -1, -1, -1, -1]
3 [1, 1, 1]
