5 [1, 1, -1, -1, -1]
5 [1, 1, 1, -1, -1]
2 [1, -1]
2 [1, -1]
2 [-1, -1]
4 [1, 1, 1, -1]
2 [1, 1]
2 [1, 1]
10 [1, 1, 1, 1, 1, 1, 1, 1, -1, -1]
2 [-1, -1]
2 [1, -1]
2 [1, 1]
3 [1, -1, -1]
19 [2, 1, 1, 1, 1, 1, 1, 1, 1, 1, 1, 1, 1, -1, -1, -1, -1, -1]
5 [1, 1, 1, -1, -1]
3 [1, 1, -1]
2 [1, 1]
2 [1, -1]
12 [1, 1, 1, 1, 1, 1, 1, -1, -1, -1, -1, -1]
2 [-1, -1]
2 [1, -1]
2 [1, 1]
3 [1, -1, -1]
28 [25, 1, -1, -1]
5 [1, -1, -1, -1, -1]
2 [1, -1]
6 [1, 1, 1, 1, -1, -1]
3 [2, -1]
2 [1, -1]
10 [1, 1, 1, 1, 1, 1, -1, -1, -1, -1]
2 [-1, -1]
2 [1, -1]
4 [1, 1, -1, -1]
2 [-1, -1]
134 [2, 2, 1, 1, 1, 1, 1, 1, 1, 1, 1, 1, 1, 1, 1, 1, 1, 1, 1, 1, 1, 1, 1, 1, 1, 1, 1, 1, 1, 1, 1, 1, 1, 1, 1, 1, 1, 1, 1, 1, 1, 1, 1, 1, 1, 1, 1, 1, 1, 1, 1, 1, 1, 1, 1, 1, 1, 1, 1, 1, 1, 1, 1, 1, 1, 1, -1, -1, -1, -1, -1, -1, -1, -1, -1, -1, -1, -1, -1, -1, -1, -1, -1, -1, -1, -1, -1, -1, -1, -1, -1, -1, -1, -1, -1, -1, -1, -1, -1, -1, -1, -1, -1, -1, -1, -1, -1, -1, -1, -1, -1, -1, -1, -1, -1, -1, -1, -1, -1, -1, -1, -1, -1, -1, -1, -1, -1, -1, -1, -1, -1, -1]
3 [2, -1]
3 [1, -1, -1]
76 [9, 4, 2, 2, 2, 2, 1, 1, 1, 1, 1, 1, 1, 1, 1, 1, 1, 1, 1, 1, 1, 1, 1, 1, 1, 1, 1, 1, 1, 1, 1, 1, 1, 1, 1, 1, 1, 1, 1, 1, 1, 1, 1, 1, 1, -1, -1, -1, -1, -1, -1, -1, -1, -1, -1, -1, -1, -1, -1, -1, -1]
7 [5, 1, 1]
5 [1, 1, 1, 1, 1]
6 [2, 1, -1, -1, -1]
3 [1, 1, -1]
2 [1, -1]
4 [2, 1, -1]
3 [1, 1, 1]
8 [1, 1, 1, 1, 1, -1, -1, -1]
8 [2, 2, 1, 1, -1, -1]
2 [1, 1]
2 [1, -1]
2 [1, -1]
3 [1, 1, 1]
9 [4, 1, 1, -1, -1, -1]
2 [-1, -1]
2 [1, 1]
4 [1, 1, -1, -1]
2 [1, -1]
4 [1, 1, 1, -1]
4 [1, 1, -1, -1]
3 [2, 1]
6 [3, -1, -1, -1]
3 [1, -1, -1]
2 [1, -1]
9 [1, 1, 1, -1, -1, -1, -1, -1, -1]
3 [2, -1]
2 [-1, -1]
2 [1, 1]
2 [1, -1]
8 [1, 1, 1, -1, -1, -1, -1, -1]
2 [-1, -1]
25 [1, 1, 1, 1, 1, 1, -1, -1, -1, -1, -1, -1, -1, -1, -1, -1, -1, -1, -1, -1, -1, -1, -1, -1, -1]
34 [3, 3, 1, 1, 1, 1, 1, 1, 1, 1, 1, 1, 1, 1, 1, 1, 1, 1, 1, 1, -1, -1, -1, -1, -1, -1, -1, -1, -1, -1]
2 [1, -1]
5 [1, 1, 1, -1, -1]
153 [7, 6, 3, 3, 3, 2, 2, 2, 2, 2, 2, 2, 1, 1, 1, 1, 1, 1, 1, 1, 1, 1, 1, 1, 1, 1, 1, 1, 1, 1, 1, 1, 1, 1, 1, 1, 1, 1, 1, 1, 1, 1, 1, 1, 1, 1, 1, 1, 1, 1, 1, 1, 1, 1, 1, 1, 1, 1, 1, 1, 1, 1, 1, 1, 1, 1, 1, 1, 1, 1, 1, 1, 1, 1, 1, 1, 1, 1, 1, 1, 1, 1, 1, 1, 1, 1, 1, -1, -1, -1, -1, -1, -1, -1, -1, -1, -1, -1, -1, -1, -1, -1, -1, -1, -1, -1, -1, -1, -1, -1, -1, -1, -1, -1, -1, -1, -1, -1, -1, -1, -1, -1, -1, -1, -1, -1, -1, -1, -1]
2 [1, -1]
