3 [1, 1, -1]
2 [-1, -1]
4 [2, 1, -1]
7 [1, 1, 1, 1, 1, -1, -1]
4 [1, -1, -1, -1]
2 [1, -1]
9 [8, 1]
2 [-1, -1]
2 [1, 1]
2 [1, 1]
3 [2, 1]
27 [24, 3]
18 [12, 1, 1, 1, 1, -1, -1]
6 [1, 1, 1, 1, 1, -1]
3 [2, 1]
3 [1, 1, 1]
2 [1, -1]
2 [-1, -1]
2 [1, -1]
9 [6, 2, -1]
2 [1, 1]
12 [7, 2, 1, 1, -1]
2 [1, 1]
46 [32, 2, 2, 1, 1, 1, 1, 1, 1, -1, -1, -1, -1]
14 [2, 1, 1, 1, 1, 1, 1, 1, 1, 1, -1, -1, -1]
16 [4, 4, 3, 2, 1, -1, -1]
2 [1, 1]
6 [1, 1, 1, 1, 1, 1]
2 [1, 1]
4 [3, -1]
3 [1, 1, 1]
3 [2, 1]
18 [16, 2]
2 [1, -1]
3 [1, 1, -1]
3 [1, -1, -1]
4 [1, 1, 1, -1]
