13 [1, 1, 1, 1, 1, 1, 1, 1, 1, 1, 1, -1, -1]
3 [2, 1]
2 [1, -1]
3 [2, 1]
2 [1, 1]
2 [1, -1]
2 [1, 1]
71 [5, 5, 3, 2, 2, 2, 2, 2, 2, 1, 1, 1, 1, 1, 1, 1, 1, 1, 1, 1, 1, 1, 1, 1, 1, 1, 1, 1, 1, 1, 1, 1, 1, 1, 1, 1, 1, 1, 1, 1, 1, 1, -1, -1, -1, -1, -1, -1, -1, -1, -1, -1, -1, -1, -1]
28 [3, 1, 1, 1, 1, 1, 1, 1, 1, 1, 1, 1, 1, -1, -1, -1, -1, -1, -1, -1, -1, -1, -1, -1, -1, -1]
2 [-1, -1]
2 [-1, -1]
2 [1, -1]
2 [1, 1]
4 [1, 1, 1, 1]
2 [1, 1]
3 [1, -1, -1]
27 [19, 1, 1, 1, -1, -1, -1, -1, -1]
3 [1, 1, -1]
3 [1, 1, -1]
30 [6, 3, 2, 2, 1, 1, 1, 1, 1, 1, 1, 1, 1, 1, 1, 1, 1, 1, 1, -1, -1]
2 [1, -1]
6 [1, 1, 1, -1, -1, -1]
2 [1, 1]
3 [1, -1, -1]
2 [1, -1]
3 [1, 1, -1]
2 [1, -1]
2 [1, 1]
5 [1, -1, -1, -1, -1]
2 [1, -1]
2 [1, -1]
2 [1, 1]
5 [1, 1, 1, -1, -1]
2 [1, 1]
3 [1, 1, -1]
4 [1, 1, 1, -1]
2 [1, -1]
3 [1, 1, 1]
2 [1, -1]
4 [1, 1, 1, 1]
5 [1, 1, 1, 1, -1]
2 [-1, -1]
2 [-1, -1]
2 [1, -1]
5 [4, -1]
2 [1, -1]
2 [1, 1]
2 [1, 1]
7 [2, 1, 1, 1, -1, -1]
5 [1, 1, 1, -1, -1]
2 [1, -1]
2 [1, 1]
