4 [1, 1, -1, -1]
7 [2, 1, 1, 1, 1, -1]
2 [1, 1]
11 [5, 1, 1, 1, 1, 1, -1]
11 [1, 1, 1, 1, 1, 1, -1, -1, -1, -1, -1]
2 [1, -1]
3 [1, -1, -1]
2 [1, -1]
6 [1, 1, 1, 1, 1, -1]
2 [1, -1]
10 [1, 1, 1, 1, 1, 1, -1, -1, -1, -1]
2 [1, 1]
3 [1, -1, -1]
2 [1, 1]
4 [2, 1, -1]
5 [1, 1, -1, -1, -1]
2 [1, -1]
6 [1, 1, 1, 1, 1, -1]
2 [1, 1]
5 [1, 1, 1, -1, -1]
2 [1, -1]
3 [1, 1, -1]
5 [1, 1, -1, -1, -1]
3 [1, 1, 1]
2 [1, 1]
3 [1, 1, -1]
6 [1, 1, 1, 1, -1, -1]
3 [1, 1, -1]
3 [1, -1, -1]
5 [2, 1, 1, -1]
4 [2, -1, -1]
3 [1, 1, -1]
2 [1, 1]
2 [1, -1]
13 [5, 1, 1, 1, 1, 1, 1, -1, -1]
2 [1, 1]
5 [4, 1]
16 [2, 1, 1, 1, 1, 1, 1, 1, 1, -1, -1, -1, -1, -1, -1]
2 [1, 1]
3 [2, -1]
3 [1, 1, 1]
5 [1, 1, -1, -1, -1]
2 [1, -1]
29 [1, 1, 1, 1, 1, 1, 1, 1, 1, 1, 1, 1, 1, 1, 1, 1, 1, -1, -1, -1, -1, -1, -1, -1, -1, -1, -1, -1, -1]
2 [1, -1]
3 [1, 1, -1]
9 [2, 1, 1, 1, 1, 1, 1, -1]
2 [1, -1]
3 [-1, -1, -1]
2 [1, -1]
2 [-1, -1]
37 [6, 3, 3, 2, 2, 2, 1, 1, 1, 1, 1, 1, 1, 1, 1, 1, 1, 1, 1, 1, 1, -1, -1, -1, -1]
2 [-1, -1]
6 [1, 1, 1, 1, 1, -1]
2 [1, -1]
3 [1, 1, 1]
16 [2, 1, 1, 1, 1, 1, 1, 1, 1, 1, 1, -1, -1, -1, -1]
2 [-1, -1]
5 [1, 1, 1, 1, 1]
6 [1, 1, 1, 1, 1, -1]
2 [1, -1]
2 [-1, -1]
2 [1, 1]
2 [1, -1]
12 [3, 1, 1, 1, 1, 1, 1, -1, -1, -1]
5 [1, 1, 1, -1, -1]
4 [1, 1, 1, -1]
3 [1, 1, -1]
3 [1, 1, -1]
2 [-1, -1]
2 [-1, -1]
5 [1, 1, -1, -1, -1]
2 [1, -1]
2 [1, 1]
2 [-1, -1]
4 [1, 1, -1, -1]
5 [1, 1, 1, -1, -1]
3 [2, 1]
5 [1, 1, 1, -1, -1]
2 [1, 1]
2 [1, 1]
8 [2, 1, 1, 1, 1, 1, -1]
4 [2, 1, 1]
2 [1, -1]
2 [1, -1]
38 [8, 2, 1, 1, 1, 1, 1, 1, 1, 1, 1, 1, 1, 1, 1, 1, -1, -1, -1, -1, -1, -1, -1, -1, -1, -1, -1, -1, -1, -1]
2 [1, -1]
4 [3, 1]
4 [1, 1, 1, 1]
2 [1, -1]
2 [-1, -1]
3 [1, -1, -1]
3 [-1, -1, -1]
2 [1, -1]
3 [1, 1, 1]
2 [1, -1]
2 [1, -1]
2 [1, -1]
4 [1, 1, 1, -1]
