3 [2, 1]
204 [18, 11, 10, 7, 6, 6, 5, 4, 2, 2, 2, 2, 2, 2, 2, 2, 1, 1, 1, 1, 1, 1, 1, 1, 1, 1, 1, 1, 1, 1, 1, 1, 1, 1, 1, 1, 1, 1, 1, 1, 1, 1, 1, 1, 1, 1, 1, 1, 1, 1, 1, 1, 1, 1, 1, 1, 1, 1, 1, 1, 1, 1, 1, 1, 1, 1, 1, 1, 1, 1, 1, 1, 1, 1, 1, 1, 1, 1, 1, 1, 1, 1, 1, 1, 1, 1, 1, 1, 1, 1, 1, -1, -1, -1, -1, -1, -1, -1, -1, -1, -1, -1, -1, -1, -1, -1, -1, -1, -1, -1, -1, -1, -1, -1, -1, -1, -1, -1, -1, -1, -1, -1, -1, -1, -1, -1, -1, -1, -1, -1, -1, -1, -1, -1, -1, -1, -1]
3 [1, 1, -1]
4 [1, 1, 1, -1]
2 [-1, -1]
4 [1, 1, 1, 1]
2 [1, 1]
2 [1, 1]
7 [6, -1]
3 [2, -1]
9 [1, 1, 1, 1, 1, 1, 1, -1, -1]
2 [1, 1]
2 [1, -1]
2 [-1, -1]
6 [1, 1, 1, -1, -1, -1]
2 [1, -1]
2 [-1, -1]
2 [1, -1]
3 [1, 1, -1]
2 [1, -1]
2 [1, -1]
2 [1, 1]
45 [2, 1, 1, 1, 1, 1, 1, 1, 1, 1, 1, 1, 1, 1, 1, 1, 1, 1, 1, 1, 1, 1, 1, 1, -1, -1, -1, -1, -1, -1, -1, -1, -1, -1, -1, -1, -1, -1, -1, -1, -1, -1, -1, -1]
2 [1, -1]
3 [1, 1, -1]
3 [1, -1, -1]
3 [1, 1, -1]
54 [1, 1, 1, 1, 1, 1, 1, 1, 1, 1, 1, 1, 1, 1, 1, 1, 1, 1, 1, 1, 1, 1, 1, 1, 1, 1, 1, 1, 1, 1, 1, 1, 1, 1, -1, -1, -1, -1, -1, -1, -1, -1, -1, -1, -1, -1, -1, -1, -1, -1, -1, -1, -1, -1]
12 [11, 1]
2 [1, 1]
3 [1, -1, -1]
2 [1, 1]
4 [1, 1, 1, -1]
2 [1, -1]
2 [1, -1]
10 [7, 1, 1, -1]
2 [1, -1]
2 [1, 1]
2 [1, 1]
2 [1, -1]
5 [1, -1, -1, -1, -1]
7 [6, 1]
2 [1, -1]
4 [3, -1]
3 [2, 1]
2 [1, 1]
2 [1, -1]
4 [1, 1, 1, -1]
38 [3, 2, 1, 1, 1, 1, 1, 1, 1, 1, 1, 1, 1, 1, 1, 1, 1, 1, 1, 1, -1, -1, -1, -1, -1, -1, -1, -1, -1, -1, -1, -1, -1, -1, -1]
2 [1, -1]
2 [-1, -1]
2 [-1, -1]
2 [1, -1]
3 [1, 1, 1]
13 [1, 1, 1, 1, 1, 1, 1, 1, 1, 1, -1, -1, -1]
2 [1, -1]
8 [2, 1, 1, 1, -1, -1, -1]
8 [1, 1, 1, 1, 1, -1, -1, -1]
4 [1, 1, 1, -1]
2 [1, -1]
2 [1, 1]
2 [1, -1]
5 [4, 1]
7 [1, 1, 1, 1, -1, -1, -1]
2 [1, -1]
3 [1, 1, -1]
5 [1, 1, 1, 1, -1]
4 [1, 1, 1, -1]
4 [1, 1, -1, -1]
3 [2, 1]
5 [1, 1, 1, -1, -1]
2 [1, 1]
16 [15, 1]
14 [1, 1, 1, 1, 1, 1, 1, -1, -1, -1, -1, -1, -1, -1]
3 [1, 1, 1]
2 [1, -1]
5 [2, 2, 1]
2 [1, -1]
5 [3, 1, 1]
6 [1, 1, 1, -1, -1, -1]
2 [-1, -1]
18 [1, 1, 1, 1, 1, 1, 1, 1, 1, 1, 1, -1, -1, -1, -1, -1, -1, -1]
4 [1, 1, -1, -1]
5 [1, 1, 1, 1, 1]
4 [1, 1, -1, -1]
61 [10, 5, 4, 4, 4, 3, 3, 2, 2, 2, 1, 1, 1, 1, 1, 1, 1, 1, 1, 1, 1, -1, -1, -1, -1, -1, -1, -1, -1, -1, -1, -1]
2 [1, 1]
4 [1, 1, 1, -1]
4 [1, 1, -1, -1]
2 [1, -1]
6 [1, 1, 1, 1, 1, 1]
3 [1, 1, 1]
2 [1, 1]
3 [1, 1, -1]
3 [2, -1]
3 [1, 1, -1]
3 [1, -1, -1]
4 [2, 1, -1]
2 [1, -1]
3 [2, -1]
2 [1, -1]
2 [1, 1]
2 [1, -1]
2 [1, -1]
