3 [2, -1]
2 [1, -1]
7 [1, 1, 1, 1, 1, 1, 1]
3 [1, 1, -1]
4 [1, 1, 1, -1]
23 [6, 2, 1, 1, 1, 1, 1, 1, 1, 1, -1, -1, -1, -1, -1, -1, -1]
3 [1, -1, -1]
2 [1, 1]
4 [1, 1, 1, -1]
7 [4, 1, 1, 1]
2 [1, -1]
11 [2, 1, 1, 1, 1, 1, 1, -1, -1, -1]
3 [1, 1, 1]
6 [1, 1, 1, 1, 1, -1]
6 [1, 1, 1, 1, -1, -1]
2 [1, -1]
2 [1, -1]
4 [2, 1, 1]
2 [1, -1]
24 [23, -1]
2 [1, 1]
2 [1, 1]
2 [-1, -1]
6 [2, 1, 1, 1, -1]
2 [1, 1]
4 [1, -1, -1, -1]
3 [1, 1, -1]
2 [1, -1]
2 [1, -1]
2 [-1, -1]
3 [1, 1, -1]
2 [1, -1]
3 [1, 1, -1]
2 [1, -1]
2 [-1, -1]
2 [1, -1]
5 [1, 1, -1, -1, -1]
5 [4, 1]
9 [6, 1, 1, -1]
2 [-1, -1]
7 [1, 1, -1, -1, -1, -1, -1]
2 [1, -1]
2 [1, 1]
2 [1, -1]
8 [1, 1, 1, 1, 1, -1, -1, -1]
10 [8, 1, 1]
3 [2, 1]
2 [1, -1]
8 [4, 1, -1, -1, -1]
2 [-1, -1]
2 [1, 1]
4 [2, 1, 1]
2 [1, 1]
18 [6, 1, 1, 1, 1, 1, 1, -1, -1, -1, -1, -1, -1]
2 [1, 1]
5 [1, 1, 1, -1, -1]
2 [-1, -1]
6 [1, 1, 1, 1, 1, -1]
2 [1, -1]
2 [-1, -1]
30 [25, 2, 1, 1, -1]
9 [2, 1, 1, 1, 1, 1, -1, -1]
6 [3, 1, -1, -1]
4 [3, 1]
15 [2, 1, 1, 1, 1, 1, 1, 1, 1, 1, -1, -1, -1, -1]
3 [1, 1, -1]
9 [2, 2, 1, 1, 1, -1, -1]
2 [1, -1]
2 [-1, -1]
2 [1, -1]
2 [1, -1]
2 [1, -1]
2 [1, 1]
13 [3, 1, 1, 1, 1, 1, 1, 1, 1, -1, -1]
3 [1, 1, -1]
2 [1, -1]
2 [1, -1]
4 [1, 1, 1, -1]
2 [1, -1]
2 [1, -1]
2 [1, -1]
2 [1, -1]
2 [1, -1]
3 [1, 1, -1]
25 [1, 1, 1, 1, 1, 1, 1, 1, 1, 1, -1, -1, -1, -1, -1, -1, -1, -1, -1, -1, -1, -1, -1, -1, -1]
116 [67, 35, 2, 2, 1, 1, 1, 1, 1, 1, 1, 1, 1, 1]
72 [13, 12, 5, 2, 2, 2, 2, 2, 1, 1, 1, 1, 1, 1, 1, 1, 1, 1, 1, 1, 1, 1, 1, 1, 1, 1, 1, 1, -1, -1, -1, -1, -1, -1, -1, -1, -1, -1, -1, -1]
2 [1, -1]
