3 [2, 1]
2 [1, -1]
9 [4, 3, 1, 1]
2 [1, -1]
63 [2, 1, 1, 1, 1, 1, 1, 1, 1, 1, 1, 1, 1, 1, 1, 1, 1, 1, 1, 1, 1, 1, 1, 1, 1, 1, 1, 1, 1, 1, 1, 1, 1, 1, 1, 1, 1, 1, -1, -1, -1, -1, -1, -1, -1, -1, -1, -1, -1, -1, -1, -1, -1, -1, -1, -1, -1, -1, -1, -1, -1, -1]
5 [3, 1, -1]
55 [50, 3, 2]
2 [1, -1]
7 [1, 1, 1, 1, 1, -1, -1]
2 [1, -1]
2 [-1, -1]
39 [36, 1, 1, 1]
2 [1, -1]
2 [1, -1]
2 [1, 1]
2 [1, 1]
4 [1, 1, 1, -1]
17 [1, 1, 1, 1, 1, 1, 1, 1, -1, -1, -1, -1, -1, -1, -1, -1, -1]
3 [1, 1, 1]
3 [1, 1, 1]
2 [1, 1]
4 [2, 1, -1]
9 [3, 2, 1, 1, 1, -1]
402 [343, 9, 4, 4, 2, 2, 1, 1, 1, 1, 1, 1, 1, 1, 1, 1, 1, 1, 1, 1, 1, 1, 1, 1, 1, 1, 1, 1, 1, -1, -1, -1, -1, -1, -1, -1, -1, -1, -1, -1, -1, -1, -1, -1]
6 [4, 2]
2 [1, -1]
