4260 [4117, 93, 22, 7, 6, 3, 2, 2, 1, 1, 1, 1, 1, 1, -1, -1]
1022 [483, 146, 108, 54, 28, 22, 19, 14, 10, 9, 9, 9, 6, 6, 6, 5, 5, 4, 3, 3, 3, 3, 2, 2, 2, 2, 2, 2, 1, 1, 1, 1, 1, 1, 1, 1, 1, 1, 1, 1, 1, 1, 1, 1, 1, 1, 1, 1, 1, 1, 1, 1, 1, 1, 1, 1, 1, 1, 1, 1, 1, 1, 1, -1, -1, -1, -1, -1, -1, -1, -1, -1, -1, -1, -1, -1, -1, -1, -1, -1, -1, -1, -1]
26 [2, 2, 2, 2, 1, 1, 1, 1, 1, 1, 1, 1, 1, 1, 1, 1, 1, -1, -1, -1, -1, -1]
17 [1, 1, 1, 1, 1, 1, 1, 1, 1, 1, 1, -1, -1, -1, -1, -1, -1]
15 [2, 2, 1, 1, 1, 1, -1, -1, -1, -1, -1, -1, -1]
2 [1, 1]
3 [1, -1, -1]
7 [2, 1, 1, -1, -1, -1]
7 [2, 1, 1, 1, -1, -1]
2 [1, 1]
2 [-1, -1]
3 [1, 1, -1]
5 [1, 1, -1, -1, -1]
