2 [1, 1]
2 [1, -1]
2 [1, -1]
17 [2, 1, 1, 1, 1, 1, 1, 1, 1, 1, 1, -1, -1, -1, -1, -1]
2 [-1, -1]
5 [1, 1, 1, 1, -1]
2 [1, 1]
2 [1, 1]
2 [1, -1]
2 [1, -1]
2 [1, -1]
2 [1, -1]
3 [1, 1, 1]
25 [2, 1, 1, 1, 1, 1, 1, 1, 1, 1, 1, 1, 1, 1, 1, 1, 1, 1, 1, 1, -1, -1, -1, -1]
2 [1, -1]
4 [1, 1, 1, -1]
2 [1, -1]
6 [1, 1, 1, 1, 1, 1]
5 [1, -1, -1, -1, -1]
2 [1, 1]
21 [7, 2, 1, 1, 1, 1, 1, 1, 1, 1, 1, 1, -1, -1]
133 [6, 4, 2, 2, 2, 1, 1, 1, 1, 1, 1, 1, 1, 1, 1, 1, 1, 1, 1, 1, 1, 1, 1, 1, 1, 1, 1, 1, 1, 1, 1, 1, 1, 1, 1, 1, 1, 1, 1, 1, 1, 1, 1, 1, 1, 1, 1, 1, 1, 1, 1, 1, 1, 1, 1, 1, 1, 1, 1, 1, 1, 1, 1, 1, 1, 1, 1, 1, 1, 1, 1, 1, 1, 1, 1, 1, 1, 1, 1, 1, -1, -1, -1, -1, -1, -1, -1, -1, -1, -1, -1, -1, -1, -1, -1, -1, -1, -1, -1, -1, -1, -1, -1, -1, -1, -1, -1, -1, -1, -1, -1, -1, -1, -1, -1, -1, -1, -1, -1, -1, -1, -1]
53 [3, 2, 2, 1, 1, 1, 1, 1, 1, 1, 1, 1, 1, 1, 1, 1, 1, 1, 1, 1, 1, 1, 1, 1, 1, 1, 1, 1, 1, 1, 1, 1, 1, 1, 1, -1, -1, -1, -1, -1, -1, -1, -1, -1, -1, -1, -1, -1, -1]
2 [1, 1]
2 [1, -1]
2 [1, -1]
4 [1, 1, -1, -1]
3 [2, -1]
3 [-1, -1, -1]
2 [1, 1]
3 [1, 1, -1]
3 [1, 1, -1]
2 [-1, -1]
2 [-1, -1]
2 [1, -1]
3 [1, -1, -1]
3 [1, 1, 1]
2 [-1, -1]
2 [1, -1]
14 [1, 1, 1, 1, 1, 1, 1, 1, 1, -1, -1, -1, -1, -1]
3 [1, 1, 1]
4 [2, 1, -1]
8 [1, 1, 1, -1, -1, -1, -1, -1]
4 [1, 1, 1, -1]
2 [-1, -1]
2 [1, 1]
4 [1, 1, 1, 1]
2 [1, 1]
6 [1, 1, 1, -1, -1, -1]
4 [1, 1, 1, -1]
2 [1, -1]
2 [-1, -1]
2 [1, -1]
5 [1, 1, -1, -1, -1]
2 [-1, -1]
2 [1, -1]
2 [1, 1]
2 [1, 1]
2 [-1, -1]
2 [1, 1]
17 [3, 2, 1, 1, 1, 1, 1, 1, 1, 1, 1, -1, -1, -1]
2 [1, 1]
2 [-1, -1]
3 [1, -1, -1]
3 [1, 1, -1]
2 [-1, -1]
2 [1, -1]
