8 [1, 1, 1, 1, 1, 1, 1, -1]
3 [2, 1]
3 [1, -1, -1]
3 [2, 1]
2 [1, -1]
3 [-1, -1, -1]
2 [1, -1]
6 [5, -1]
3 [-1, -1, -1]
2 [-1, -1]
2 [1, 1]
2 [1, 1]
3 [1, 1, -1]
41 [27, 5, 2, 2, 1, 1, 1, -1, -1]
112 [94, 18]
31 [4, 2, 2, 2, 2, 1, 1, 1, 1, 1, 1, 1, 1, 1, 1, 1, 1, 1, -1, -1, -1, -1, -1, -1]
4 [1, 1, -1, -1]
2 [1, -1]
2 [1, -1]
4 [1, -1, -1, -1]
66 [6, 5, 2, 2, 1, 1, 1, 1, 1, 1, 1, 1, 1, 1, 1, 1, 1, 1, 1, 1, 1, 1, 1, 1, 1, 1, 1, 1, 1, 1, 1, 1, 1, 1, -1, -1, -1, -1, -1, -1, -1, -1, -1, -1, -1, -1, -1, -1, -1, -1, -1, -1, -1, -1, -1]
13 [12, -1]
3 [1, 1, -1]
2 [1, -1]
2 [1, 1]
5 [1, -1, -1, -1, -1]
3 [1, 1, 1]
3 [1, 1, -1]
2 [1, -1]
5 [1, 1, 1, 1, 1]
3 [1, -1, -1]
2 [1, -1]
2 [1, 1]
14 [3, 1, 1, 1, 1, 1, 1, 1, 1, -1, -1, -1]
2 [1, 1]
2 [1, -1]
3 [1, -1, -1]
2 [1, 1]
4 [2, 1, -1]
33 [1, 1, 1, 1, 1, 1, 1, 1, 1, 1, 1, 1, 1, 1, 1, 1, 1, 1, -1, -1, -1, -1, -1, -1, -1, -1, -1, -1, -1, -1, -1, -1, -1]
3 [1, -1, -1]
2 [1, 1]
2 [1, -1]
4 [1, 1, 1, -1]
3 [1, 1, 1]
2 [1, 1]
2 [1, -1]
2 [1, -1]
6 [2, 1, 1, 1, -1]
2 [1, 1]
2 [1, -1]
5 [1, 1, 1, 1, -1]
2 [1, -1]
7 [6, -1]
3 [1, -1, -1]
11 [1, 1, 1, 1, 1, -1, -1, -1, -1, -1, -1]
3 [2, -1]
18 [1, 1, 1, 1, 1, 1, 1, 1, 1, -1, -1, -1, -1, -1, -1, -1, -1, -1]
2 [1, 1]
2 [1, -1]
547 [36, 36, 9, 7, 6, 5, 5, 5, 4, 4, 4, 4, 3, 3, 3, 3, 3, 3, 3, 2, 2, 2, 2, 2, 2, 2, 2, 2, 2, 2, 2, 2, 2, 2, 2, 2, 2, 2, 2, 2, 2, 2, 2, 2, 2, 2, 2, 1, 1, 1, 1, 1, 1, 1, 1, 1, 1, 1, 1, 1, 1, 1, 1, 1, 1, 1, 1, 1, 1, 1, 1, 1, 1, 1, 1, 1, 1, 1, 1, 1, 1, 1, 1, 1, 1, 1, 1, 1, 1, 1, 1, 1, 1, 1, 1, 1, 1, 1, 1, 1, 1, 1, 1, 1, 1, 1, 1, 1, 1, 1, 1, 1, 1, 1, 1, 1, 1, 1, 1, 1, 1, 1, 1, 1, 1, 1, 1, 1, 1, 1, 1, 1, 1, 1, 1, 1, 1, 1, 1, 1, 1, 1, 1, 1, 1, 1, 1, 1, 1, 1, 1, 1, 1, 1, 1, 1, 1, 1, 1, 1, 1, 1, 1, 1, 1, 1, 1, 1, 1, 1, 1, 1, 1, 1, 1, 1, 1, 1, 1, 1, 1, 1, 1, 1, 1, 1, 1, 1, 1, 1, 1, 1, 1, 1, 1, 1, 1, 1, 1, 1, 1, 1, 1, 1, 1, 1, 1, 1, 1, 1, 1, 1, 1, 1, 1, 1, 1, 1, 1, 1, 1, 1, 1, 1, 1, 1, 1, 1, 1, 1, 1, 1, 1, 1, 1, 1, 1, 1, 1, 1, 1, 1, 1, 1, 1, 1, 1, 1, 1, 1, 1, 1, 1, 1, 1, 1, 1, 1, 1, 1, 1, 1, 1, 1, 1, 1, 1, 1, 1, 1, 1, 1, 1, 1, 1, 1, 1, 1, 1, 1, 1, 1, 1, 1, 1, -1, -1, -1, -1, -1, -1, -1, -1, -1, -1, -1, -1, -1, -1, -1, -1, -1, -1, -1, -1, -1, -1, -1, -1, -1, -1, -1, -1, -1, -1, -1, -1, -1, -1, -1, -1, -1, -1, -1, -1, -1, -1, -1, -1, -1, -1, -1, -1, -1, -1, -1, -1, -1, -1, -1, -1, -1, -1, -1, -1, -1, -1, -1, -1, -1, -1, -1, -1, -1, -1, -1, -1, -1, -1, -1, -1, -1, -1, -1, -1, -1, -1, -1, -1, -1, -1, -1, -1, -1, -1, -1, -1, -1, -1, -1, -1, -1, -1, -1, -1, -1, -1, -1, -1, -1, -1, -1]
8 [7, 1]
8 [2, 1, 1, 1, 1, -1, -1]
103 [88, 8, 5, 2]
4 [1, 1, 1, 1]
47 [2, 1, 1, 1, 1, 1, 1, 1, 1, 1, 1, 1, 1, 1, 1, 1, 1, 1, 1, 1, 1, 1, 1, 1, 1, 1, 1, 1, 1, 1, 1, -1, -1, -1, -1, -1, -1, -1, -1, -1, -1, -1, -1, -1, -1, -1]
2 [-1, -1]
3 [1, 1, 1]
3 [1, -1, -1]
2 [1, 1]
2 [1, 1]
6 [1, 1, 1, 1, 1, 1]
2 [1, -1]
4 [1, 1, -1, -1]
59 [51, 2, 1, 1, 1, 1, 1, 1]
