42 [40, 1, -1]
169 [134, 29, 1, 1, 1, 1, -1, -1]
2 [-1, -1]
21 [2, 1, 1, 1, 1, 1, 1, 1, 1, 1, 1, 1, 1, 1, 1, -1, -1, -1, -1, -1]
4 [2, 1, -1]
355 [93, 41, 15, 9, 8, 7, 7, 7, 7, 6, 5, 5, 4, 3, 3, 3, 3, 2, 2, 2, 2, 2, 2, 2, 2, 2, 2, 2, 2, 2, 2, 1, 1, 1, 1, 1, 1, 1, 1, 1, 1, 1, 1, 1, 1, 1, 1, 1, 1, 1, 1, 1, 1, 1, 1, 1, 1, 1, 1, 1, 1, 1, 1, 1, 1, 1, 1, 1, 1, 1, 1, 1, 1, 1, 1, 1, 1, 1, 1, 1, 1, 1, 1, 1, 1, 1, 1, 1, 1, 1, 1, 1, 1, 1, 1, 1, -1, -1, -1, -1, -1, -1, -1, -1, -1, -1, -1, -1, -1, -1, -1, -1, -1, -1, -1, -1, -1, -1, -1, -1, -1, -1, -1, -1, -1, -1, -1, -1, -1, -1, -1, -1]
150 [29, 26, 23, 13, 13, 4, 4, 4, 3, 1, 1, 1, 1, 1, 1, 1, 1, 1, 1, 1, 1, 1, 1, 1, 1, 1, 1, -1, -1, -1, -1, -1, -1, -1, -1, -1, -1, -1, -1, -1]
3 [1, 1, 1]
8 [3, 2, 2, -1]
28 [6, 5, 1, 1, 1, 1, 1, 1, 1, 1, 1, 1, -1, -1, -1, -1, -1, -1, -1]
2 [1, -1]
20 [3, 2, 1, 1, 1, 1, 1, 1, 1, 1, 1, 1, 1, -1, -1, -1, -1]
6 [2, 2, 1, -1]
2 [-1, -1]
2 [1, -1]
13 [1, 1, 1, 1, 1, 1, 1, 1, -1, -1, -1, -1, -1]
16 [1, 1, 1, 1, 1, 1, 1, 1, 1, 1, 1, -1, -1, -1, -1, -1]
3 [1, -1, -1]
4 [1, 1, -1, -1]
2 [1, -1]
2 [1, -1]
2 [1, -1]
2 [1, -1]
6 [4, 1, -1]
2 [1, 1]
2 [1, 1]
2 [1, 1]
2 [1, 1]
2 [1, -1]
3 [1, 1, -1]
3 [2, -1]
6 [1, 1, 1, 1, -1, -1]
4 [1, 1, -1, -1]
2 [-1, -1]
2 [1, 1]
2 [1, -1]
2 [1, 1]
8 [1, 1, 1, 1, 1, -1, -1, -1]
3 [1, 1, 1]
9 [2, 2, 1, 1, 1, -1, -1]
14 [1, 1, 1, 1, 1, 1, 1, -1, -1, -1, -1, -1, -1, -1]
2 [1, -1]
2 [1, 1]
2 [1, 1]
2 [1, -1]
2 [1, 1]
2 [1, 1]
2 [1, 1]
7 [1, 1, 1, 1, 1, -1, -1]
3 [1, -1, -1]
5 [1, 1, 1, -1, -1]
2 [1, 1]
2 [1, 1]
11 [2, 1, 1, 1, 1, 1, 1, -1, -1, -1]
2 [1, -1]
2 [1, 1]
2 [1, 1]
2 [1, -1]
3 [1, -1, -1]
2 [1, -1]
2 [1, -1]
2 [1, -1]
9 [1, 1, 1, 1, 1, -1, -1, -1, -1]
3 [2, -1]
8 [4, 1, 1, 1, 1]
3 [-1, -1, -1]
2 [1, 1]
3 [1, -1, -1]
2 [1, -1]
