975 [340, 219, 132, 56, 34, 24, 18, 17, 12, 8, 6, 5, 5, 3, 3, 3, 3, 2, 2, 2, 2, 2, 2, 2, 2, 2, 1, 1, 1, 1, 1, 1, 1, 1, 1, 1, 1, 1, 1, 1, 1, 1, 1, 1, 1, 1, 1, 1, 1, 1, 1, 1, 1, 1, 1, 1, 1, 1, 1, 1, 1, 1, 1, 1, 1, 1, 1, 1, 1, 1, 1, 1, -1, -1, -1, -1, -1, -1, -1, -1, -1, -1, -1, -1, -1, -1, -1, -1, -1, -1, -1, -1, -1, -1, -1]
2323 [2229, 83, 1, 1, 1, 1, 1, 1, 1, 1, -1, -1, -1]
3019 [2932, 87]
2 [1, 1]
5 [1, 1, 1, 1, 1]
6 [4, 1, 1]
55 [33, 5, 2, 1, 1, 1, 1, 1, 1, 1, 1, 1, 1, 1, -1, -1, -1, -1]
25 [24, 1]
5 [1, 1, -1, -1, -1]
2 [-1, -1]
9 [1, 1, 1, 1, 1, -1, -1, -1, -1]
9 [1, 1, 1, 1, 1, 1, -1, -1, -1]
