2 [1, 1]
9 [4, 3, 1, 1]
2 [1, 1]
292 [9, 5, 3, 3, 3, 2, 2, 2, 2, 2, 2, 2, 2, 2, 2, 2, 1, 1, 1, 1, 1, 1, 1, 1, 1, 1, 1, 1, 1, 1, 1, 1, 1, 1, 1, 1, 1, 1, 1, 1, 1, 1, 1, 1, 1, 1, 1, 1, 1, 1, 1, 1, 1, 1, 1, 1, 1, 1, 1, 1, 1, 1, 1, 1, 1, 1, 1, 1, 1, 1, 1, 1, 1, 1, 1, 1, 1, 1, 1, 1, 1, 1, 1, 1, 1, 1, 1, 1, 1, 1, 1, 1, 1, 1, 1, 1, 1, 1, 1, 1, 1, 1, 1, 1, 1, 1, 1, 1, 1, 1, 1, 1, 1, 1, 1, 1, 1, 1, 1, 1, 1, 1, 1, 1, 1, 1, 1, 1, 1, 1, 1, 1, 1, 1, 1, 1, 1, 1, 1, 1, 1, 1, 1, 1, 1, 1, 1, 1, 1, 1, 1, 1, 1, 1, 1, 1, 1, -1, -1, -1, -1, -1, -1, -1, -1, -1, -1, -1, -1, -1, -1, -1, -1, -1, -1, -1, -1, -1, -1, -1, -1, -1, -1, -1, -1, -1, -1, -1, -1, -1, -1, -1, -1, -1, -1, -1, -1, -1, -1, -1, -1, -1, -1, -1, -1, -1, -1, -1, -1, -1, -1, -1, -1, -1, -1, -1, -1, -1, -1, -1, -1, -1, -1, -1, -1, -1, -1, -1, -1, -1, -1, -1, -1, -1, -1, -1, -1, -1, -1, -1, -1, -1, -1, -1, -1, -1, -1, -1, -1, -1, -1, -1, -1, -1, -1, -1, -1, -1, -1, -1, -1, -1, -1]
24 [7, 3, 2, 2, 2, 1, 1, 1, 1, 1, 1, -1, -1]
2 [-1, -1]
2 [1, 1]
2 [1, 1]
3 [1, -1, -1]
8 [2, 1, 1, -1, -1, -1, -1]
2 [1, 1]
5 [4, -1]
57 [46, 9, -1, -1]
59 [48, 8, 2, -1]
2 [1, -1]
8 [1, 1, 1, 1, -1, -1, -1, -1]
2 [1, 1]
2 [1, 1]
2 [1, 1]
8 [3, -1, -1, -1, -1, -1]
3 [1, -1, -1]
4 [1, 1, 1, -1]
2 [1, -1]
3 [1, 1, -1]
2 [1, -1]
3 [1, 1, -1]
89 [5, 2, 2, 2, 2, 2, 1, 1, 1, 1, 1, 1, 1, 1, 1, 1, 1, 1, 1, 1, 1, 1, 1, 1, 1, 1, 1, 1, 1, 1, 1, 1, 1, 1, 1, 1, 1, 1, 1, 1, 1, 1, 1, 1, 1, 1, 1, 1, 1, 1, 1, 1, 1, 1, 1, -1, -1, -1, -1, -1, -1, -1, -1, -1, -1, -1, -1, -1, -1, -1, -1, -1, -1, -1, -1, -1, -1, -1, -1, -1]
2 [1, -1]
2 [-1, -1]
11 [2, 1, 1, 1, 1, 1, -1, -1, -1, -1]
2 [1, -1]
10 [1, 1, 1, 1, 1, 1, 1, 1, -1, -1]
3 [1, 1, 1]
313 [263, 49, 1]
17 [2, 2, 1, 1, 1, 1, 1, 1, 1, 1, -1, -1, -1, -1, -1]
2 [1, -1]
2 [1, -1]
4 [1, 1, 1, -1]
3 [1, 1, -1]
2 [1, -1]
3 [1, -1, -1]
2 [1, 1]
2 [1, -1]
3 [1, -1, -1]
2 [1, 1]
73 [32, 4, 3, 2, 2, 1, 1, 1, 1, 1, 1, 1, 1, 1, 1, 1, 1, 1, 1, 1, 1, 1, 1, 1, 1, 1, -1, -1, -1, -1, -1, -1, -1, -1, -1]
10 [2, 1, 1, 1, 1, 1, 1, -1, -1]
5 [2, 1, 1, -1]
