2 [1, 1]
2 [1, 1]
2 [1, 1]
15 [7, 2, 1, 1, 1, 1, -1, -1]
3 [1, 1, -1]
7 [4, 3]
3 [1, -1, -1]
3 [1, 1, 1]
14 [3, 2, 1, 1, 1, 1, 1, 1, 1, -1, -1]
3 [1, 1, -1]
2 [1, -1]
2 [-1, -1]
57 [4, 4, 3, 3, 3, 3, 2, 2, 2, 2, 2, 2, 1, 1, 1, 1, 1, 1, 1, 1, 1, 1, 1, 1, 1, 1, 1, 1, 1, 1, 1, -1, -1, -1, -1, -1, -1]
2 [1, -1]
3 [2, -1]
3 [1, -1, -1]
8 [4, 1, 1, -1, -1]
96 [94, 2]
2 [1, 1]
40 [13, 10, 6, 5, 4, 2]
531 [146, 79, 62, 24, 12, 10, 9, 6, 4, 4, 4, 4, 3, 2, 2, 2, 2, 2, 1, 1, 1, 1, 1, 1, 1, 1, 1, 1, 1, 1, 1, 1, 1, 1, 1, 1, 1, 1, 1, 1, 1, 1, 1, 1, 1, 1, 1, 1, 1, 1, 1, 1, 1, 1, 1, 1, 1, 1, 1, 1, 1, 1, 1, 1, 1, 1, 1, 1, 1, 1, 1, 1, 1, 1, 1, 1, 1, 1, 1, 1, 1, 1, 1, 1, 1, 1, 1, 1, 1, 1, 1, 1, 1, 1, 1, 1, 1, 1, 1, 1, 1, 1, 1, 1, 1, 1, 1, 1, 1, 1, 1, 1, 1, 1, 1, -1, -1, -1, -1, -1, -1, -1, -1, -1, -1, -1, -1, -1, -1, -1, -1, -1, -1, -1, -1, -1, -1, -1, -1, -1, -1, -1, -1, -1, -1, -1, -1, -1, -1, -1, -1, -1, -1, -1, -1, -1, -1, -1, -1, -1, -1, -1, -1, -1, -1, -1, -1, -1, -1, -1, -1, -1]
2 [1, 1]
47 [14, 3, 2, 1, 1, 1, 1, 1, 1, 1, 1, 1, 1, 1, 1, 1, 1, 1, 1, 1, 1, 1, 1, 1, 1, -1, -1, -1, -1, -1, -1]
2 [1, 1]
2 [1, 1]
2 [-1, -1]
4 [1, -1, -1, -1]
4 [1, 1, 1, -1]
