2 [1, -1]
3 [1, -1, -1]
4 [1, 1, -1, -1]
3 [1, 1, 1]
2 [1, -1]
4 [3, 1]
2 [1, 1]
2 [1, -1]
78 [5, 2, 1, 1, 1, 1, 1, 1, 1, 1, 1, 1, 1, 1, 1, 1, 1, 1, 1, 1, 1, 1, 1, 1, 1, 1, 1, 1, 1, 1, 1, 1, 1, 1, 1, 1, 1, 1, 1, 1, 1, 1, 1, 1, -1, -1, -1, -1, -1, -1, -1, -1, -1, -1, -1, -1, -1, -1, -1, -1, -1, -1, -1, -1, -1, -1, -1, -1, -1, -1, -1, -1, -1]
2 [1, -1]
5 [1, 1, 1, 1, 1]
2 [1, -1]
2 [1, -1]
2 [1, 1]
2 [1, -1]
2 [1, 1]
3 [1, 1, -1]
8 [1, 1, 1, 1, 1, -1, -1, -1]
3 [1, 1, -1]
2 [1, -1]
4 [1, 1, 1, 1]
2 [1, -1]
4 [1, 1, 1, -1]
4 [1, 1, -1, -1]
8 [2, 1, 1, 1, 1, -1, -1]
2 [1, -1]
6 [1, 1, 1, -1, -1, -1]
2 [1, -1]
2 [1, -1]
3 [1, -1, -1]
3 [1, 1, -1]
3 [1, 1, -1]
2 [-1, -1]
4 [1, 1, 1, -1]
4 [1, 1, -1, -1]
11 [1, 1, 1, 1, 1, 1, 1, 1, -1, -1, -1]
2 [1, -1]
2 [-1, -1]
4 [1, 1, -1, -1]
449 [307, 22, 7, 7, 7, 6, 3, 2, 2, 2, 2, 2, 2, 2, 1, 1, 1, 1, 1, 1, 1, 1, 1, 1, 1, 1, 1, 1, 1, 1, 1, 1, 1, 1, 1, 1, 1, 1, 1, 1, 1, 1, 1, 1, 1, 1, 1, 1, 1, 1, 1, 1, 1, 1, 1, 1, 1, 1, 1, 1, 1, 1, 1, 1, 1, 1, 1, 1, 1, -1, -1, -1, -1, -1, -1, -1, -1, -1, -1, -1, -1, -1, -1, -1, -1, -1, -1, -1, -1, -1]
4 [1, 1, -1, -1]
4 [1, 1, 1, 1]
