10 [2, 1, 1, 1, 1, 1, -1, -1, -1]
4 [3, 1]
3 [1, 1, -1]
8 [1, 1, 1, 1, 1, 1, -1, -1]
2 [1, -1]
5 [1, 1, 1, -1, -1]
4 [1, -1, -1, -1]
2 [1, -1]
4 [1, -1, -1, -1]
3 [1, 1, -1]
3 [1, 1, -1]
2 [-1, -1]
2 [1, 1]
2 [1, -1]
2 [1, 1]
4 [2, 1, 1]
5 [1, 1, 1, -1, -1]
2 [-1, -1]
66 [2, 2, 2, 1, 1, 1, 1, 1, 1, 1, 1, 1, 1, 1, 1, 1, 1, 1, 1, 1, 1, 1, 1, 1, 1, 1, 1, 1, 1, 1, 1, 1, 1, 1, 1, 1, 1, 1, 1, -1, -1, -1, -1, -1, -1, -1, -1, -1, -1, -1, -1, -1, -1, -1, -1, -1, -1, -1, -1, -1, -1, -1, -1]
25 [24, 1]
2 [1, 1]
2 [1, 1]
