3 [1, -1, -1]
5 [1, 1, 1, 1, -1]
2 [1, -1]
2 [1, 1]
3 [1, -1, -1]
2 [1, -1]
20 [11, 3, 3, -1, -1, -1]
7 [1, 1, 1, 1, 1, -1, -1]
2 [1, -1]
2 [-1, -1]
4 [3, 1]
6 [2, 1, 1, 1, -1]
3 [1, 1, -1]
18 [2, 2, 1, 1, 1, 1, 1, 1, 1, 1, -1, -1, -1, -1, -1, -1]
3 [1, -1, -1]
3 [1, 1, -1]
2 [1, -1]
4 [1, 1, 1, -1]
2 [1, -1]
4 [3, 1]
5 [1, 1, 1, 1, -1]
2 [1, 1]
2 [1, -1]
2 [1, 1]
45 [8, 7, 3, 2, 2, 2, 1, 1, 1, 1, 1, 1, 1, 1, 1, 1, 1, 1, 1, 1, 1, 1, -1, -1, -1, -1, -1]
2 [1, 1]
2 [1, 1]
4 [-1, -1, -1, -1]
2 [1, 1]
4 [1, 1, -1, -1]
2 [1, 1]
2 [-1, -1]
3 [1, 1, -1]
3 [1, 1, -1]
3 [1, -1, -1]
6 [2, 1, -1, -1, -1]
2 [1, 1]
2 [1, -1]
8 [3, 2, 1, 1, 1]
58 [3, 2, 2, 2, 1, 1, 1, 1, 1, 1, 1, 1, 1, 1, 1, 1, 1, 1, 1, 1, 1, 1, 1, 1, 1, 1, 1, 1, 1, 1, 1, -1, -1, -1, -1, -1, -1, -1, -1, -1, -1, -1, -1, -1, -1, -1, -1, -1, -1, -1, -1, -1, -1]
2 [1, 1]
2 [1, 1]
4 [1, 1, 1, -1]
16 [6, 3, 2, 2, 1, 1, 1]
4 [2, 1, 1]
2 [1, 1]
11 [2, 1, 1, 1, 1, 1, 1, -1, -1, -1]
2 [1, -1]
3 [2, 1]
3 [1, 1, -1]
4 [1, 1, -1, -1]
14 [1, 1, 1, 1, 1, 1, 1, 1, 1, -1, -1, -1, -1, -1]
4 [1, 1, 1, -1]
6 [2, 1, 1, 1, 1]
2 [1, -1]
9 [1, 1, 1, 1, 1, -1, -1, -1, -1]
2 [1, -1]
2 [1, -1]
2 [1, -1]
2 [1, 1]
10 [3, 2, 1, 1, -1, -1, -1]
2 [1, 1]
2 [1, -1]
3 [-1, -1, -1]
5 [1, 1, 1, -1, -1]
4 [1, 1, 1, -1]
3 [1, 1, -1]
2 [1, 1]
3 [1, -1, -1]
3 [1, -1, -1]
2 [1, -1]
101 [6, 4, 3, 2, 2, 2, 2, 2, 1, 1, 1, 1, 1, 1, 1, 1, 1, 1, 1, 1, 1, 1, 1, 1, 1, 1, 1, 1, 1, 1, 1, 1, 1, 1, 1, 1, 1, 1, 1, 1, 1, 1, 1, 1, 1, 1, 1, 1, 1, 1, 1, 1, 1, 1, 1, 1, 1, 1, 1, 1, 1, 1, 1, 1, 1, 1, -1, -1, -1, -1, -1, -1, -1, -1, -1, -1, -1, -1, -1, -1, -1, -1, -1, -1, -1, -1]
2 [1, -1]
2 [-1, -1]
2 [1, -1]
3 [1, 1, -1]
2 [1, 1]
2 [1, -1]
2 [1, -1]
4 [1, 1, 1, 1]
2 [1, 1]
3 [1, 1, -1]
4 [1, 1, 1, -1]
3 [1, 1, -1]
2 [1, 1]
2 [-1, -1]
21 [20, -1]
3 [2, 1]
14 [3, 2, 2, 1, 1, 1, 1, -1, -1, -1]
2 [1, -1]
2 [1, -1]
4 [1, 1, -1, -1]
2 [1, 1]
2 [1, 1]
4 [1, -1, -1, -1]
2 [1, 1]
10 [3, 1, 1, 1, -1, -1, -1, -1]
3 [2, 1]
2 [1, 1]
2 [1, 1]
19 [16, 1, 1, -1]
3 [1, 1, -1]
3 [1, 1, -1]
2 [1, 1]
4 [1, 1, -1, -1]
2 [1, -1]
2 [1, 1]
3 [1, 1, -1]
7 [1, 1, 1, 1, 1, 1, -1]
2 [1, -1]
5 [1, 1, 1, 1, -1]
2 [-1, -1]
3 [1, -1, -1]
19 [4, 2, 1, 1, 1, 1, 1, 1, 1, 1, 1, 1, 1, -1, -1]
4 [-1, -1, -1, -1]
4 [1, 1, 1, -1]
2 [1, -1]
2 [1, 1]
3 [1, 1, -1]
4 [1, 1, 1, -1]
4 [1, 1, 1, -1]
20 [3, 2, 2, 1, 1, 1, 1, 1, 1, 1, 1, 1, -1, -1, -1, -1]
15 [10, 3, 1, 1]
26 [2, 2, 1, 1, 1, 1, 1, 1, 1, 1, 1, 1, 1, 1, 1, 1, 1, 1, 1, -1, -1, -1, -1, -1]
2 [1, -1]
3 [1, -1, -1]
2 [1, -1]
