6 [5, -1]
4 [1, 1, -1, -1]
13 [2, 1, 1, 1, 1, 1, 1, -1, -1, -1, -1, -1]
3 [-1, -1, -1]
4 [1, -1, -1, -1]
4 [1, 1, 1, 1]
22 [3, 3, 3, 2, 1, 1, 1, 1, 1, 1, 1, 1, -1, -1, -1]
2 [1, 1]
13 [2, 1, 1, 1, 1, 1, 1, 1, 1, 1, -1, -1]
2 [1, -1]
2 [1, 1]
6 [1, 1, 1, 1, 1, -1]
2 [1, -1]
4 [1, 1, 1, -1]
3 [1, 1, -1]
3 [1, -1, -1]
3 [1, 1, -1]
371 [15, 13, 13, 8, 6, 6, 6, 5, 5, 4, 3, 3, 3, 3, 3, 2, 2, 2, 2, 2, 2, 2, 2, 2, 2, 2, 2, 2, 2, 2, 2, 2, 2, 2, 2, 2, 2, 2, 2, 2, 1, 1, 1, 1, 1, 1, 1, 1, 1, 1, 1, 1, 1, 1, 1, 1, 1, 1, 1, 1, 1, 1, 1, 1, 1, 1, 1, 1, 1, 1, 1, 1, 1, 1, 1, 1, 1, 1, 1, 1, 1, 1, 1, 1, 1, 1, 1, 1, 1, 1, 1, 1, 1, 1, 1, 1, 1, 1, 1, 1, 1, 1, 1, 1, 1, 1, 1, 1, 1, 1, 1, 1, 1, 1, 1, 1, 1, 1, 1, 1, 1, 1, 1, 1, 1, 1, 1, 1, 1, 1, 1, 1, 1, 1, 1, 1, 1, 1, 1, 1, 1, 1, 1, 1, 1, 1, 1, 1, 1, 1, 1, 1, 1, 1, 1, 1, 1, 1, 1, 1, 1, 1, 1, 1, 1, 1, 1, 1, 1, 1, 1, 1, 1, 1, 1, 1, 1, 1, 1, 1, 1, 1, 1, -1, -1, -1, -1, -1, -1, -1, -1, -1, -1, -1, -1, -1, -1, -1, -1, -1, -1, -1, -1, -1, -1, -1, -1, -1, -1, -1, -1, -1, -1, -1, -1, -1, -1, -1, -1, -1, -1, -1, -1, -1, -1, -1, -1, -1, -1, -1, -1, -1, -1, -1, -1, -1, -1, -1, -1, -1, -1, -1, -1, -1, -1, -1, -1, -1, -1, -1, -1, -1, -1, -1, -1, -1, -1, -1, -1, -1, -1, -1, -1, -1, -1]
27 [6, 2, 1, 1, 1, 1, 1, 1, 1, 1, 1, 1, 1, 1, 1, -1, -1, -1, -1, -1, -1]
2 [1, -1]
2 [1, -1]
2 [-1, -1]
3 [2, 1]
2 [1, -1]
10 [1, 1, 1, 1, 1, 1, -1, -1, -1, -1]
4 [3, 1]
6 [1, 1, 1, 1, -1, -1]
2 [1, 1]
2 [1, -1]
2 [1, 1]
2 [-1, -1]
30 [1, 1, 1, 1, 1, 1, 1, 1, 1, 1, 1, 1, 1, 1, 1, 1, 1, 1, 1, -1, -1, -1, -1, -1, -1, -1, -1, -1, -1, -1]
2 [1, -1]
3 [1, 1, 1]
2 [1, 1]
3 [1, -1, -1]
230 [110, 46, 3, 2, 2, 2, 1, 1, 1, 1, 1, 1, 1, 1, 1, 1, 1, 1, 1, 1, 1, 1, 1, 1, 1, 1, 1, 1, 1, 1, 1, 1, 1, 1, 1, 1, 1, 1, 1, 1, 1, -1, -1, -1, -1, -1, -1, -1, -1, -1, -1, -1, -1, -1, -1, -1, -1, -1, -1, -1, -1, -1, -1, -1, -1, -1, -1, -1, -1, -1, -1]
3 [1, 1, 1]
2 [1, 1]
2 [1, 1]
2 [1, 1]
3 [1, -1, -1]
3 [1, 1, -1]
2 [1, 1]
3 [2, 1]
9 [1, 1, 1, 1, 1, 1, -1, -1, -1]
2 [1, 1]
2 [1, 1]
2 [-1, -1]
3 [2, 1]
2 [1, -1]
2 [1, -1]
2 [-1, -1]
2 [1, -1]
2 [1, -1]
9 [1, 1, 1, 1, 1, 1, -1, -1, -1]
2 [1, -1]
3 [1, -1, -1]
6 [1, 1, 1, 1, -1, -1]
4 [1, 1, 1, -1]
5 [1, 1, 1, 1, 1]
2 [1, -1]
2 [1, -1]
3 [1, 1, 1]
17 [1, 1, 1, 1, 1, 1, 1, 1, 1, 1, 1, 1, 1, 1, 1, -1, -1]
2 [1, 1]
2 [1, -1]
5 [3, 1, -1]
3 [1, 1, -1]
3 [1, 1, -1]
2 [1, -1]
3 [2, 1]
3 [1, 1, 1]
2 [1, 1]
3 [1, -1, -1]
2 [1, -1]
2 [1, 1]
13 [5, 2, 1, 1, 1, 1, -1, -1]
2 [-1, -1]
2 [1, -1]
9 [6, 1, 1, -1]
3 [-1, -1, -1]
3 [1, 1, -1]
42 [9, 4, 3, 2, 1, 1, 1, 1, 1, 1, 1, 1, 1, 1, 1, 1, 1, 1, 1, -1, -1, -1, -1, -1, -1, -1, -1, -1]
