1820 [1278, 324, 24, 10, 7, 7, 6, 5, 5, 4, 3, 3, 3, 3, 2, 2, 2, 2, 2, 2, 2, 1, 1, 1, 1, 1, 1, 1, 1, 1, 1, 1, 1, 1, 1, 1, 1, 1, 1, 1, 1, 1, 1, 1, 1, 1, 1, 1, 1, 1, 1, 1, 1, 1, 1, 1, 1, 1, 1, 1, 1, 1, 1, 1, 1, 1, 1, 1, 1, 1, 1, 1, 1, 1, 1, 1, 1, 1, 1, 1, 1, 1, 1, 1, 1, 1, 1, 1, 1, 1, 1, 1, 1, 1, 1, 1, 1, 1, 1, 1, -1, -1, -1, -1, -1, -1, -1, -1, -1, -1, -1, -1, -1, -1, -1, -1, -1, -1, -1, -1, -1, -1, -1, -1, -1, -1, -1, -1, -1, -1, -1, -1, -1, -1, -1, -1, -1, -1, -1, -1, -1, -1, -1, -1, -1]
2 [1, 1]
802 [255, 125, 105, 26, 25, 21, 18, 14, 12, 10, 6, 6, 6, 5, 5, 4, 3, 3, 2, 2, 2, 2, 2, 2, 2, 2, 2, 2, 2, 2, 2, 1, 1, 1, 1, 1, 1, 1, 1, 1, 1, 1, 1, 1, 1, 1, 1, 1, 1, 1, 1, 1, 1, 1, 1, 1, 1, 1, 1, 1, 1, 1, 1, 1, 1, 1, 1, 1, 1, 1, 1, 1, 1, 1, 1, 1, 1, 1, 1, 1, 1, 1, 1, 1, 1, 1, 1, 1, 1, 1, 1, 1, 1, 1, 1, 1, 1, 1, 1, 1, 1, 1, 1, 1, 1, 1, 1, 1, 1, 1, 1, 1, 1, 1, 1, 1, -1, -1, -1, -1, -1, -1, -1, -1, -1, -1, -1, -1, -1, -1, -1, -1, -1, -1, -1, -1, -1, -1, -1, -1, -1, -1, -1, -1, -1, -1, -1, -1, -1, -1, -1, -1, -1, -1, -1, -1, -1, -1]
2 [1, 1]
2 [1, 1]
3 [1, -1, -1]
3 [1, 1, -1]
2 [1, -1]
47 [4, 2, 2, 1, 1, 1, 1, 1, 1, 1, 1, 1, 1, 1, 1, 1, 1, 1, 1, 1, 1, 1, 1, 1, 1, 1, 1, 1, -1, -1, -1, -1, -1, -1, -1, -1, -1, -1, -1, -1, -1, -1]
2 [1, 1]
4 [3, 1]
2 [-1, -1]
14 [3, 1, 1, 1, 1, 1, 1, 1, -1, -1, -1, -1]
2 [1, -1]
2 [1, 1]
2 [1, -1]
23 [5, 4, 1, 1, 1, 1, 1, 1, 1, 1, -1, -1, -1, -1, -1, -1]
2 [1, -1]
6 [2, 2, 1, -1]
4 [3, -1]
2 [-1, -1]
3 [-1, -1, -1]
12 [7, 1, -1, -1, -1, -1]
8 [1, 1, 1, 1, 1, 1, -1, -1]
41 [19, 2, 1, 1, 1, 1, 1, 1, 1, 1, 1, 1, 1, 1, 1, 1, 1, 1, 1, 1, 1, -1]
5 [1, 1, 1, -1, -1]
2 [1, 1]
2 [1, 1]
20 [2, 1, 1, 1, 1, 1, 1, 1, 1, 1, 1, -1, -1, -1, -1, -1, -1, -1, -1]
3 [1, 1, -1]
4 [1, 1, 1, -1]
2 [1, -1]
6 [2, 1, 1, -1, -1]
2 [1, -1]
2 [1, -1]
2 [1, 1]
2 [1, 1]
2 [1, -1]
4 [1, 1, 1, -1]
2 [1, -1]
3 [1, 1, -1]
2 [-1, -1]
2 [-1, -1]
3 [1, -1, -1]
3 [1, -1, -1]
2 [1, 1]
3 [1, 1, -1]
4 [1, 1, 1, -1]
3 [1, 1, -1]
12 [1, 1, 1, 1, 1, 1, 1, 1, 1, -1, -1, -1]
6 [1, 1, 1, 1, 1, -1]
3 [1, -1, -1]
3 [1, -1, -1]
13 [2, 1, 1, 1, 1, 1, -1, -1, -1, -1, -1, -1]
5 [1, -1, -1, -1, -1]
2 [1, -1]
2 [-1, -1]
7 [3, 1, 1, 1, -1]
