2 [1, 1]
2 [1, -1]
42 [23, 4, 2, 1, 1, 1, 1, 1, 1, 1, -1, -1, -1, -1, -1, -1]
261 [11, 10, 7, 6, 6, 5, 4, 4, 4, 4, 3, 3, 3, 3, 3, 3, 3, 3, 2, 2, 2, 2, 2, 2, 2, 2, 2, 2, 2, 2, 2, 2, 1, 1, 1, 1, 1, 1, 1, 1, 1, 1, 1, 1, 1, 1, 1, 1, 1, 1, 1, 1, 1, 1, 1, 1, 1, 1, 1, 1, 1, 1, 1, 1, 1, 1, 1, 1, 1, 1, 1, 1, 1, 1, 1, 1, 1, 1, 1, 1, 1, 1, 1, 1, 1, 1, 1, 1, 1, 1, 1, 1, 1, 1, 1, 1, 1, 1, 1, 1, 1, 1, 1, 1, 1, 1, 1, 1, 1, 1, 1, 1, 1, 1, 1, 1, 1, 1, 1, 1, 1, 1, 1, 1, 1, 1, 1, 1, 1, 1, 1, 1, 1, 1, 1, 1, 1, 1, 1, -1, -1, -1, -1, -1, -1, -1, -1, -1, -1, -1, -1, -1, -1, -1, -1, -1, -1, -1, -1, -1, -1, -1, -1, -1, -1, -1, -1, -1, -1, -1, -1, -1, -1, -1, -1, -1, -1, -1, -1, -1]
21 [5, 1, 1, 1, 1, 1, 1, 1, 1, 1, 1, 1, -1, -1, -1, -1, -1]
5 [1, 1, 1, -1, -1]
100 [13, 9, 7, 2, 2, 2, 2, 1, 1, 1, 1, 1, 1, 1, 1, 1, 1, 1, 1, 1, 1, 1, 1, 1, 1, 1, 1, 1, 1, 1, 1, 1, 1, 1, 1, 1, 1, 1, 1, 1, 1, 1, 1, 1, -1, -1, -1, -1, -1, -1, -1, -1, -1, -1, -1, -1, -1, -1, -1, -1, -1, -1, -1, -1, -1, -1, -1, -1, -1, -1]
2 [1, 1]
2 [-1, -1]
36 [4, 2, 1, 1, 1, 1, 1, 1, 1, 1, 1, 1, 1, 1, 1, 1, 1, 1, 1, 1, 1, 1, -1, -1, -1, -1, -1, -1, -1, -1, -1, -1]
2 [1, 1]
4 [2, 1, -1]
3 [1, 1, 1]
2 [1, -1]
4 [1, 1, 1, -1]
2 [1, -1]
3 [1, 1, -1]
8 [5, 1, 1, 1]
2 [1, -1]
2 [-1, -1]
23 [5, 1, 1, 1, 1, 1, 1, 1, 1, 1, 1, -1, -1, -1, -1, -1, -1, -1, -1]
2 [1, 1]
3 [1, -1, -1]
2 [1, -1]
3 [1, 1, 1]
6 [3, 1, -1, -1]
3 [1, -1, -1]
2 [1, -1]
2 [-1, -1]
2 [1, 1]
4 [1, 1, -1, -1]
5 [1, 1, 1, -1, -1]
3 [1, -1, -1]
3 [1, 1, -1]
2 [1, -1]
2 [1, -1]
2 [-1, -1]
2 [1, -1]
4 [1, 1, 1, -1]
5 [1, 1, 1, -1, -1]
2 [1, 1]
5 [1, 1, 1, 1, -1]
2 [-1, -1]
2 [1, 1]
3 [1, 1, -1]
2 [1, 1]
8 [1, 1, 1, 1, -1, -1, -1, -1]
2 [-1, -1]
36 [30, 1, 1, 1, 1, -1, -1]
2 [1, 1]
2 [1, -1]
2 [1, 1]
2 [1, -1]
2 [1, 1]
2 [-1, -1]
3 [1, 1, -1]
2 [-1, -1]
4 [3, -1]
2 [-1, -1]
2 [1, -1]
2 [-1, -1]
2 [1, 1]
2 [1, 1]
3 [1, -1, -1]
5 [1, 1, -1, -1, -1]
2 [1, 1]
2 [1, -1]
2 [1, 1]
5 [2, 2, -1]
106 [68, 3, 1, 1, 1, 1, 1, 1, 1, 1, 1, 1, 1, 1, 1, 1, 1, 1, 1, 1, 1, 1, 1, 1, 1, 1, 1, -1, -1, -1, -1, -1, -1, -1, -1, -1, -1]
3 [2, 1]
2 [1, -1]
2 [1, 1]
2 [1, 1]
