2 [-1, -1]
2 [1, -1]
2 [1, -1]
135 [8, 5, 4, 4, 4, 3, 3, 2, 2, 2, 1, 1, 1, 1, 1, 1, 1, 1, 1, 1, 1, 1, 1, 1, 1, 1, 1, 1, 1, 1, 1, 1, 1, 1, 1, 1, 1, 1, 1, 1, 1, 1, 1, 1, 1, 1, 1, 1, 1, 1, 1, 1, 1, 1, 1, 1, 1, 1, 1, 1, 1, 1, 1, 1, 1, 1, 1, 1, 1, 1, 1, 1, -1, -1, -1, -1, -1, -1, -1, -1, -1, -1, -1, -1, -1, -1, -1, -1, -1, -1, -1, -1, -1, -1, -1, -1, -1, -1, -1, -1, -1, -1, -1, -1, -1, -1, -1, -1]
2 [-1, -1]
3 [1, 1, -1]
2 [1, 1]
7 [1, 1, 1, 1, 1, -1, -1]
18 [2, 2, 1, 1, 1, 1, 1, 1, 1, -1, -1, -1, -1, -1, -1, -1]
59 [20, 7, 2, 2, 2, 1, 1, 1, 1, 1, 1, 1, 1, 1, 1, 1, 1, 1, 1, 1, 1, 1, 1, -1, -1, -1, -1, -1, -1, -1, -1]
29 [2, 1, 1, 1, 1, 1, 1, 1, 1, 1, 1, 1, 1, 1, 1, 1, 1, -1, -1, -1, -1, -1, -1, -1, -1, -1, -1, -1]
3 [1, 1, 1]
4 [1, 1, 1, -1]
2 [1, 1]
5 [1, -1, -1, -1, -1]
2 [1, 1]
2 [1, 1]
14 [3, 1, 1, 1, 1, 1, 1, 1, 1, -1, -1, -1]
4 [1, 1, 1, 1]
2 [1, -1]
61 [1, 1, 1, 1, 1, 1, 1, 1, 1, 1, 1, 1, 1, 1, 1, 1, 1, 1, 1, 1, 1, 1, 1, 1, 1, 1, 1, 1, 1, 1, 1, 1, 1, 1, 1, 1, 1, 1, 1, 1, 1, -1, -1, -1, -1, -1, -1, -1, -1, -1, -1, -1, -1, -1, -1, -1, -1, -1, -1, -1, -1]
39 [3, 3, 1, 1, 1, 1, 1, 1, 1, 1, 1, 1, 1, 1, 1, 1, 1, 1, -1, -1, -1, -1, -1, -1, -1, -1, -1, -1, -1, -1, -1, -1, -1, -1, -1]
11 [10, -1]
32 [14, 8, 1, 1, 1, 1, 1, 1, 1, -1, -1, -1]
2 [1, 1]
19 [2, 2, 1, 1, 1, 1, 1, 1, 1, 1, 1, 1, 1, 1, -1, -1, -1]
7 [1, -1, -1, -1, -1, -1, -1]
2 [1, -1]
2 [1, -1]
2 [1, 1]
2 [1, -1]
5 [1, 1, 1, 1, -1]
12 [3, 1, 1, 1, 1, 1, -1, -1, -1, -1]
2 [1, 1]
2 [1, 1]
14 [2, 1, 1, 1, 1, 1, 1, 1, 1, -1, -1, -1, -1]
13 [2, 2, 1, 1, 1, 1, 1, -1, -1, -1, -1]
12 [1, 1, 1, 1, 1, 1, -1, -1, -1, -1, -1, -1]
2 [-1, -1]
5 [3, 2]
3 [1, 1, 1]
3 [1, 1, 1]
3 [1, -1, -1]
3 [2, -1]
3 [1, 1, -1]
7 [4, 1, 1, 1]
2 [1, 1]
3 [1, 1, 1]
2 [1, -1]
2 [1, -1]
3 [1, 1, -1]
9 [1, 1, 1, 1, 1, 1, -1, -1, -1]
2 [1, 1]
3 [1, 1, -1]
16 [2, 1, 1, 1, 1, 1, 1, 1, 1, 1, -1, -1, -1, -1, -1]
2 [1, -1]
2 [1, -1]
2 [1, 1]
2 [1, -1]
31 [2, 1, 1, 1, 1, 1, 1, 1, 1, 1, 1, 1, 1, 1, 1, 1, 1, -1, -1, -1, -1, -1, -1, -1, -1, -1, -1, -1, -1, -1]
2 [1, -1]
4 [1, 1, 1, -1]
2 [1, -1]
2 [1, -1]
2 [-1, -1]
2 [1, 1]
2 [1, -1]
2 [1, 1]
2 [-1, -1]
9 [2, 1, 1, 1, -1, -1, -1, -1]
2 [1, 1]
4 [1, 1, 1, -1]
31 [2, 1, 1, 1, 1, 1, 1, 1, 1, 1, 1, 1, 1, 1, 1, 1, 1, 1, 1, 1, -1, -1, -1, -1, -1, -1, -1, -1, -1, -1]
3 [1, -1, -1]
2 [1, -1]
2 [1, -1]
3 [1, 1, -1]
5 [1, 1, 1, 1, -1]
2 [1, -1]
2 [1, -1]
3 [1, -1, -1]
2 [1, 1]
3 [1, 1, -1]
2 [1, -1]
8 [2, 1, 1, -1, -1, -1, -1]
40 [2, 2, 1, 1, 1, 1, 1, 1, 1, 1, 1, 1, 1, 1, 1, 1, 1, 1, 1, 1, 1, 1, 1, 1, 1, 1, 1, 1, -1, -1, -1, -1, -1, -1, -1, -1, -1, -1]
8 [1, 1, 1, 1, -1, -1, -1, -1]
3 [2, 1]
3 [1, -1, -1]
2 [1, -1]
19 [1, 1, 1, 1, 1, 1, 1, 1, 1, 1, 1, -1, -1, -1, -1, -1, -1, -1, -1]
5 [3, 1, -1]
2 [1, -1]
2 [1, 1]
2 [1, 1]
2 [-1, -1]
5 [3, 2]
15 [4, 3, 1, 1, -1, -1, -1, -1, -1, -1]
13 [5, 3, 2, 1, 1, 1]
