45 [33, 2, 1, 1, 1, 1, 1, 1, -1, -1, -1, -1]
14 [1, 1, 1, 1, 1, 1, 1, 1, 1, 1, -1, -1, -1, -1]
2 [1, -1]
3 [1, 1, -1]
2 [1, -1]
2 [1, -1]
3 [1, 1, -1]
6 [1, 1, 1, 1, -1, -1]
2 [1, -1]
2 [1, 1]
2 [1, -1]
2 [1, 1]
2 [1, 1]
13 [3, 3, 1, 1, 1, 1, -1, -1, -1]
3 [2, 1]
107 [49, 6, 3, 3, 3, 3, 3, 2, 2, 1, 1, 1, 1, 1, 1, 1, 1, 1, 1, 1, 1, 1, 1, 1, 1, 1, 1, 1, 1, 1, 1, 1, 1, 1, -1, -1, -1, -1, -1, -1, -1, -1]
53 [10, 2, 2, 2, 2, 1, 1, 1, 1, 1, 1, 1, 1, 1, 1, 1, 1, 1, 1, 1, 1, 1, 1, 1, 1, 1, 1, -1, -1, -1, -1, -1, -1, -1, -1, -1, -1, -1, -1, -1]
3 [1, -1, -1]
2 [1, 1]
2 [1, -1]
2 [1, -1]
2 [1, -1]
2 [-1, -1]
15 [1, 1, 1, 1, 1, 1, 1, 1, 1, 1, -1, -1, -1, -1, -1]
9 [1, 1, 1, 1, 1, 1, -1, -1, -1]
6 [2, 1, 1, 1, -1]
2 [1, -1]
6 [5, 1]
33 [2, 2, 2, 1, 1, 1, 1, 1, 1, 1, 1, 1, 1, 1, 1, 1, 1, -1, -1, -1, -1, -1, -1, -1, -1, -1, -1, -1, -1, -1]
5 [1, 1, -1, -1, -1]
5 [1, 1, -1, -1, -1]
3 [1, 1, -1]
2 [1, 1]
2 [1, -1]
2 [1, -1]
4 [1, -1, -1, -1]
2 [1, 1]
2 [-1, -1]
2 [1, 1]
2 [1, -1]
11 [2, 2, 1, 1, 1, 1, 1, -1, -1]
2 [1, -1]
2 [1, 1]
5 [1, 1, 1, -1, -1]
2 [1, -1]
3 [-1, -1, -1]
11 [2, 2, 1, 1, 1, 1, 1, -1, -1]
8 [5, 1, 1, -1]
16 [9, 1, 1, 1, 1, 1, 1, -1]
20 [19, 1]
10 [1, 1, 1, 1, 1, 1, -1, -1, -1, -1]
2 [-1, -1]
3 [1, 1, -1]
2 [1, -1]
3 [-1, -1, -1]
2 [1, 1]
5 [2, 1, -1, -1]
2 [1, -1]
61 [54, 2, 2, 1, 1, -1]
