33 [3, 2, 1, 1, 1, 1, 1, 1, 1, 1, 1, 1, 1, 1, 1, 1, 1, 1, 1, -1, -1, -1, -1, -1, -1, -1, -1, -1, -1, -1]
2 [1, -1]
4 [-1, -1, -1, -1]
2 [1, 1]
161 [116, 30, 3, 1, 1, 1, 1, 1, 1, 1, 1, -1, -1, -1, -1]
6 [2, 1, 1, 1, -1]
2 [1, 1]
2 [-1, -1]
2 [1, 1]
3 [1, -1, -1]
2 [1, -1]
3 [-1, -1, -1]
3 [1, 1, 1]
81 [12, 4, 3, 2, 2, 2, 2, 1, 1, 1, 1, 1, 1, 1, 1, 1, 1, 1, 1, 1, 1, 1, 1, 1, 1, 1, 1, 1, 1, 1, 1, 1, 1, 1, 1, 1, 1, 1, 1, 1, 1, -1, -1, -1, -1, -1, -1, -1, -1, -1, -1, -1, -1, -1, -1, -1, -1, -1, -1, -1, -1]
6 [1, 1, -1, -1, -1, -1]
3 [1, -1, -1]
4 [1, 1, 1, -1]
3 [1, 1, 1]
2 [1, 1]
2 [1, -1]
2 [1, 1]
4 [1, 1, -1, -1]
2 [1, 1]
2 [-1, -1]
10 [1, 1, 1, 1, 1, 1, 1, 1, -1, -1]
2 [-1, -1]
2 [1, -1]
3 [1, 1, -1]
2 [1, -1]
3 [1, 1, 1]
2 [1, -1]
2 [1, 1]
4 [1, 1, -1, -1]
4 [2, 1, 1]
2 [1, -1]
2 [-1, -1]
4 [1, -1, -1, -1]
2 [1, -1]
3 [1, 1, -1]
3 [1, -1, -1]
3 [2, 1]
2 [1, -1]
2 [-1, -1]
9 [1, 1, 1, 1, 1, 1, 1, 1, -1]
17 [5, 1, 1, 1, 1, -1, -1, -1, -1, -1, -1, -1, -1]
2 [1, 1]
2 [1, -1]
2 [-1, -1]
2 [1, -1]
2 [-1, -1]
2 [1, -1]
2 [1, 1]
4 [1, 1, -1, -1]
30 [5, 2, 2, 1, 1, 1, 1, 1, 1, 1, 1, 1, 1, 1, 1, 1, 1, 1, 1, -1, -1, -1, -1, -1]
2 [1, 1]
2 [1, -1]
2 [-1, -1]
4 [1, 1, 1, -1]
4 [1, 1, -1, -1]
3 [1, 1, -1]
45 [3, 1, 1, 1, 1, 1, 1, 1, 1, 1, 1, 1, 1, 1, 1, 1, 1, 1, 1, 1, 1, 1, 1, 1, 1, 1, 1, 1, 1, 1, 1, 1, -1, -1, -1, -1, -1, -1, -1, -1, -1, -1, -1]
6 [1, 1, 1, 1, -1, -1]
2 [1, 1]
13 [1, 1, 1, 1, 1, 1, 1, 1, -1, -1, -1, -1, -1]
3 [1, -1, -1]
3 [1, 1, 1]
3 [1, 1, -1]
2 [1, 1]
3 [2, 1]
3 [-1, -1, -1]
2 [1, -1]
3 [1, 1, -1]
3 [1, 1, -1]
3 [-1, -1, -1]
2 [1, 1]
2 [1, -1]
4 [3, 1]
17 [1, 1, 1, 1, 1, 1, 1, 1, 1, -1, -1, -1, -1, -1, -1, -1, -1]
2 [1, 1]
2 [1, -1]
3 [1, 1, 1]
2 [1, -1]
3 [1, 1, -1]
11 [4, 1, 1, 1, 1, 1, 1, -1]
9 [1, 1, 1, 1, -1, -1, -1, -1, -1]
3 [1, 1, 1]
21 [4, 3, 1, 1, 1, 1, 1, 1, 1, 1, 1, 1, 1, 1, -1, -1]
3 [1, 1, 1]
2 [1, -1]
21 [4, 1, 1, 1, 1, 1, 1, 1, 1, 1, 1, 1, -1, -1, -1, -1, -1, -1]
2 [1, -1]
2 [1, 1]
2 [1, 1]
2 [1, -1]
3 [1, 1, -1]
2 [1, -1]
2 [1, -1]
3 [1, -1, -1]
2 [-1, -1]
2 [1, -1]
2 [1, 1]
8 [3, 1, 1, -1, -1, -1]
2 [1, 1]
3 [-1, -1, -1]
96 [5, 4, 3, 3, 3, 2, 2, 2, 2, 2, 1, 1, 1, 1, 1, 1, 1, 1, 1, 1, 1, 1, 1, 1, 1, 1, 1, 1, 1, 1, 1, 1, 1, 1, 1, 1, 1, 1, 1, 1, 1, 1, 1, 1, 1, 1, 1, 1, 1, 1, 1, 1, 1, -1, -1, -1, -1, -1, -1, -1, -1, -1, -1, -1, -1, -1, -1, -1, -1, -1, -1, -1, -1, -1, -1, -1, -1, -1]
11 [2, 1, 1, 1, 1, 1, 1, -1, -1, -1]
9 [1, 1, 1, 1, -1, -1, -1, -1, -1]
2 [1, 1]
5 [1, 1, -1, -1, -1]
2 [1, -1]
4 [3, 1]
17 [16, 1]
6 [5, 1]
6 [4, 1, 1]
9 [3, 1, 1, 1, 1, 1, -1]
4 [3, -1]
13 [2, 1, 1, 1, 1, 1, 1, 1, 1, -1, -1, -1]
6 [2, 1, 1, 1, 1]
2 [1, 1]
3 [1, 1, -1]
4 [1, 1, 1, -1]
23 [4, 1, 1, 1, 1, 1, 1, 1, 1, 1, 1, 1, 1, -1, -1, -1, -1, -1, -1, -1]
2 [1, 1]
4 [1, 1, -1, -1]
2 [1, -1]
4 [1, -1, -1, -1]
4 [1, -1, -1, -1]
15 [3, 2, 1, 1, 1, -1, -1, -1, -1, -1, -1, -1]
39 [23, 4, 2, 2, 1, 1, 1, 1, 1, -1, -1, -1]
3 [1, 1, 1]
