887 [135, 81, 29, 28, 16, 16, 14, 9, 9, 8, 7, 7, 7, 7, 7, 6, 5, 5, 5, 5, 5, 4, 4, 4, 4, 4, 4, 4, 3, 3, 3, 3, 3, 3, 3, 2, 2, 2, 2, 2, 2, 2, 2, 2, 2, 2, 2, 2, 2, 2, 2, 2, 2, 2, 2, 2, 2, 2, 2, 2, 2, 2, 2, 2, 2, 2, 2, 1, 1, 1, 1, 1, 1, 1, 1, 1, 1, 1, 1, 1, 1, 1, 1, 1, 1, 1, 1, 1, 1, 1, 1, 1, 1, 1, 1, 1, 1, 1, 1, 1, 1, 1, 1, 1, 1, 1, 1, 1, 1, 1, 1, 1, 1, 1, 1, 1, 1, 1, 1, 1, 1, 1, 1, 1, 1, 1, 1, 1, 1, 1, 1, 1, 1, 1, 1, 1, 1, 1, 1, 1, 1, 1, 1, 1, 1, 1, 1, 1, 1, 1, 1, 1, 1, 1, 1, 1, 1, 1, 1, 1, 1, 1, 1, 1, 1, 1, 1, 1, 1, 1, 1, 1, 1, 1, 1, 1, 1, 1, 1, 1, 1, 1, 1, 1, 1, 1, 1, 1, 1, 1, 1, 1, 1, 1, 1, 1, 1, 1, 1, 1, 1, 1, 1, 1, 1, 1, 1, 1, 1, 1, 1, 1, 1, 1, 1, 1, 1, 1, 1, 1, 1, 1, 1, 1, 1, 1, 1, 1, 1, 1, 1, 1, 1, 1, 1, 1, 1, 1, 1, 1, 1, 1, 1, 1, 1, 1, 1, 1, 1, 1, 1, 1, 1, 1, 1, 1, 1, 1, 1, 1, 1, 1, 1, 1, 1, 1, 1, 1, 1, 1, 1, 1, 1, 1, 1, 1, 1, 1, 1, 1, 1, 1, 1, 1, 1, 1, 1, 1, 1, 1, 1, 1, 1, 1, 1, 1, 1, 1, 1, 1, 1, 1, 1, 1, 1, 1, 1, 1, 1, 1, 1, 1, 1, 1, 1, -1, -1, -1, -1, -1, -1, -1, -1, -1, -1, -1, -1, -1, -1, -1, -1, -1, -1, -1, -1, -1, -1, -1, -1, -1, -1, -1, -1, -1, -1, -1, -1, -1, -1, -1, -1, -1, -1, -1, -1, -1, -1, -1, -1, -1, -1, -1, -1, -1, -1, -1, -1, -1, -1, -1, -1, -1, -1, -1, -1, -1, -1, -1, -1, -1, -1, -1, -1, -1, -1, -1, -1, -1, -1, -1, -1, -1, -1, -1, -1, -1, -1, -1, -1, -1, -1, -1, -1, -1, -1, -1, -1, -1, -1, -1, -1, -1, -1, -1, -1, -1, -1, -1, -1, -1, -1, -1, -1, -1, -1, -1, -1, -1, -1, -1]
15 [5, 1, 1, 1, 1, 1, 1, -1, -1, -1, -1]
9 [2, 1, 1, 1, 1, 1, -1, -1]
11 [2, 1, 1, 1, 1, 1, -1, -1, -1, -1]
2 [1, 1]
5 [4, 1]
2 [-1, -1]
3 [1, -1, -1]
2 [1, 1]
3 [1, -1, -1]
3 [1, 1, -1]
3 [1, 1, 1]
4 [3, 1]
2 [-1, -1]
2 [1, -1]
2 [-1, -1]
2 [1, 1]
25 [1, 1, 1, 1, 1, 1, 1, 1, 1, 1, 1, 1, 1, 1, 1, 1, 1, -1, -1, -1, -1, -1, -1, -1, -1]
3 [1, 1, -1]
3 [1, 1, -1]
43 [7, 1, 1, 1, 1, 1, 1, 1, 1, 1, 1, 1, 1, 1, 1, 1, 1, 1, 1, 1, 1, 1, 1, 1, 1, -1, -1, -1, -1, -1, -1, -1, -1, -1, -1, -1, -1]
19 [8, 3, 2, 1, 1, 1, 1, 1, -1]
3 [1, 1, 1]
3 [1, 1, -1]
2 [1, -1]
2 [1, 1]
4 [1, 1, 1, 1]
2 [-1, -1]
2 [1, -1]
11 [2, 1, 1, 1, 1, 1, 1, -1, -1, -1]
5 [1, 1, -1, -1, -1]
18 [5, 2, 1, 1, 1, 1, 1, 1, -1, -1, -1, -1, -1]
15 [2, 1, 1, 1, 1, 1, 1, 1, 1, 1, 1, -1, -1, -1]
304 [14, 12, 10, 9, 6, 6, 5, 4, 4, 3, 3, 3, 3, 2, 2, 2, 2, 2, 2, 2, 2, 2, 2, 1, 1, 1, 1, 1, 1, 1, 1, 1, 1, 1, 1, 1, 1, 1, 1, 1, 1, 1, 1, 1, 1, 1, 1, 1, 1, 1, 1, 1, 1, 1, 1, 1, 1, 1, 1, 1, 1, 1, 1, 1, 1, 1, 1, 1, 1, 1, 1, 1, 1, 1, 1, 1, 1, 1, 1, 1, 1, 1, 1, 1, 1, 1, 1, 1, 1, 1, 1, 1, 1, 1, 1, 1, 1, 1, 1, 1, 1, 1, 1, 1, 1, 1, 1, 1, 1, 1, 1, 1, 1, 1, 1, 1, 1, 1, 1, 1, 1, 1, 1, 1, 1, 1, 1, 1, 1, 1, 1, 1, 1, 1, 1, 1, 1, 1, 1, 1, 1, 1, 1, 1, 1, 1, 1, 1, 1, 1, 1, 1, 1, 1, 1, 1, 1, -1, -1, -1, -1, -1, -1, -1, -1, -1, -1, -1, -1, -1, -1, -1, -1, -1, -1, -1, -1, -1, -1, -1, -1, -1, -1, -1, -1, -1, -1, -1, -1, -1, -1, -1, -1, -1, -1, -1, -1, -1, -1, -1, -1, -1, -1, -1, -1, -1, -1, -1, -1, -1, -1, -1, -1, -1, -1, -1, -1, -1, -1, -1, -1, -1, -1, -1, -1]
14 [5, 2, 1, 1, 1, 1, 1, -1, -1]
3 [-1, -1, -1]
2 [1, -1]
2 [1, 1]
2 [1, -1]
5 [1, 1, 1, -1, -1]
3 [1, 1, -1]
5 [2, 1, 1, -1]
2 [1, -1]
2 [1, -1]
3 [1, -1, -1]
2 [1, -1]
2 [1, -1]
10 [2, 2, 1, 1, 1, 1, -1, -1]
9 [1, 1, 1, 1, 1, -1, -1, -1, -1]
2 [1, 1]
52 [34, 4, 4, 1, 1, 1, 1, 1, 1, 1, 1, -1, -1]
3 [2, -1]
2 [-1, -1]
5 [1, 1, 1, 1, -1]
2 [1, -1]
2 [1, 1]
3 [1, 1, -1]
2 [1, -1]
2 [1, 1]
2 [1, -1]
2 [1, -1]
5 [1, 1, 1, 1, -1]
16 [2, 1, 1, 1, 1, 1, 1, 1, 1, 1, -1, -1, -1, -1, -1]
6 [1, 1, 1, 1, -1, -1]
2 [1, 1]
6 [5, 1]
2 [1, 1]
4 [1, 1, -1, -1]
2 [-1, -1]
13 [5, 1, 1, -1, -1, -1, -1, -1, -1]
4 [1, 1, -1, -1]
3 [1, 1, 1]
2 [-1, -1]
2 [1, -1]
68 [19, 4, 3, 3, 2, 2, 2, 1, 1, 1, 1, 1, 1, 1, 1, 1, 1, 1, 1, 1, 1, 1, 1, 1, 1, 1, 1, 1, 1, -1, -1, -1, -1, -1, -1, -1, -1, -1, -1, -1]
3 [1, -1, -1]
57 [53, 1, 1, 1, -1]
