212 [53, 29, 6, 6, 5, 3, 3, 2, 2, 2, 2, 2, 2, 1, 1, 1, 1, 1, 1, 1, 1, 1, 1, 1, 1, 1, 1, 1, 1, 1, 1, 1, 1, 1, 1, 1, 1, 1, 1, 1, 1, 1, 1, 1, 1, 1, 1, 1, 1, 1, 1, 1, 1, 1, 1, 1, 1, 1, 1, 1, 1, 1, 1, 1, 1, 1, 1, 1, 1, 1, 1, 1, 1, 1, 1, 1, 1, -1, -1, -1, -1, -1, -1, -1, -1, -1, -1, -1, -1, -1, -1, -1, -1, -1, -1, -1, -1, -1, -1, -1, -1, -1, -1, -1, -1, -1, -1, -1]
3 [1, 1, -1]
2 [1, 1]
15 [12, 1, -1, -1]
6 [5, 1]
2 [1, -1]
2 [1, 1]
6 [4, 1, -1]
3 [1, -1, -1]
2 [1, -1]
105 [2, 2, 2, 2, 1, 1, 1, 1, 1, 1, 1, 1, 1, 1, 1, 1, 1, 1, 1, 1, 1, 1, 1, 1, 1, 1, 1, 1, 1, 1, 1, 1, 1, 1, 1, 1, 1, 1, 1, 1, 1, 1, 1, 1, 1, 1, 1, 1, 1, 1, 1, 1, 1, 1, 1, 1, -1, -1, -1, -1, -1, -1, -1, -1, -1, -1, -1, -1, -1, -1, -1, -1, -1, -1, -1, -1, -1, -1, -1, -1, -1, -1, -1, -1, -1, -1, -1, -1, -1, -1, -1, -1, -1, -1, -1, -1, -1, -1, -1, -1, -1]
11 [1, 1, 1, 1, 1, 1, -1, -1, -1, -1, -1]
4 [1, 1, -1, -1]
2 [1, -1]
4 [1, 1, -1, -1]
2 [1, 1]
2 [1, -1]
2 [1, 1]
2 [1, 1]
7 [1, 1, 1, 1, -1, -1, -1]
7 [1, 1, 1, -1, -1, -1, -1]
13 [1, 1, 1, 1, 1, 1, 1, 1, 1, 1, -1, -1, -1]
4 [1, 1, -1, -1]
56 [11, 5, 2, 1, 1, 1, 1, 1, 1, 1, 1, 1, 1, 1, 1, 1, 1, 1, 1, 1, 1, 1, 1, 1, 1, 1, 1, 1, 1, 1, -1, -1, -1, -1, -1, -1, -1, -1, -1, -1, -1]
2 [-1, -1]
6 [2, 1, 1, 1, -1]
40 [5, 5, 2, 2, 1, 1, 1, 1, 1, 1, 1, 1, 1, 1, 1, 1, 1, 1, 1, 1, 1, 1, -1, -1, -1, -1, -1, -1, -1, -1]
5 [1, 1, 1, -1, -1]
2 [1, 1]
2 [1, 1]
2 [1, -1]
2 [1, -1]
31 [12, 4, 4, 2, 2, 1, 1, 1, 1, 1, 1, -1]
6 [1, 1, 1, -1, -1, -1]
9 [2, 1, -1, -1, -1, -1, -1, -1]
139 [40, 8, 5, 4, 4, 3, 3, 3, 3, 2, 2, 1, 1, 1, 1, 1, 1, 1, 1, 1, 1, 1, 1, 1, 1, 1, 1, 1, 1, 1, 1, 1, 1, 1, 1, 1, 1, 1, 1, 1, 1, 1, 1, 1, 1, -1, -1, -1, -1, -1, -1, -1, -1, -1, -1, -1, -1, -1, -1, -1, -1, -1, -1, -1, -1, -1, -1, -1, -1, -1, -1, -1, -1]
29 [21, 3, 1, 1, 1, -1, -1]
6 [5, 1]
2 [1, 1]
5 [2, 1, 1, -1]
7 [2, 1, 1, 1, 1, -1]
2 [1, -1]
2 [1, -1]
23 [10, 8, 2, 1, 1, -1]
2 [1, -1]
24 [13, 2, 1, 1, 1, 1, 1, -1, -1, -1, -1]
2 [1, -1]
