3 [1, 1, -1]
5 [1, 1, -1, -1, -1]
3 [2, 1]
2 [1, -1]
2 [1, -1]
2 [1, -1]
2 [-1, -1]
7 [1, 1, 1, 1, 1, -1, -1]
5 [1, 1, 1, 1, -1]
86 [3, 2, 2, 2, 2, 1, 1, 1, 1, 1, 1, 1, 1, 1, 1, 1, 1, 1, 1, 1, 1, 1, 1, 1, 1, 1, 1, 1, 1, 1, 1, 1, 1, 1, 1, 1, 1, 1, 1, 1, 1, 1, 1, 1, -1, -1, -1, -1, -1, -1, -1, -1, -1, -1, -1, -1, -1, -1, -1, -1, -1, -1, -1, -1, -1, -1, -1, -1, -1, -1, -1, -1, -1, -1, -1, -1, -1, -1, -1, -1]
2 [1, -1]
4 [3, 1]
2 [-1, -1]
3 [2, 1]
2 [1, 1]
11 [2, 1, 1, 1, 1, 1, 1, -1, -1, -1]
19 [1, 1, 1, 1, 1, 1, 1, 1, 1, 1, -1, -1, -1, -1, -1, -1, -1, -1, -1]
49 [1, 1, 1, 1, 1, 1, 1, 1, 1, 1, 1, 1, 1, 1, 1, 1, 1, 1, 1, 1, 1, 1, 1, 1, 1, 1, -1, -1, -1, -1, -1, -1, -1, -1, -1, -1, -1, -1, -1, -1, -1, -1, -1, -1, -1, -1, -1, -1, -1]
4 [2, 1, -1]
9 [3, 1, 1, 1, 1, 1, -1]
16 [4, 1, 1, 1, 1, 1, 1, 1, 1, -1, -1, -1, -1]
3 [1, -1, -1]
2 [-1, -1]
3 [1, 1, -1]
8 [3, 1, 1, 1, 1, -1]
4 [1, 1, -1, -1]
2 [1, 1]
2 [-1, -1]
2 [1, -1]
3 [1, 1, 1]
4 [1, 1, -1, -1]
2 [1, -1]
3 [2, -1]
2 [1, -1]
12 [1, 1, 1, 1, 1, 1, -1, -1, -1, -1, -1, -1]
18 [9, 2, 1, 1, 1, 1, 1, 1, -1]
25 [19, 1, 1, 1, 1, -1, -1]
4 [1, -1, -1, -1]
3 [1, 1, -1]
2 [-1, -1]
2 [-1, -1]
2 [1, -1]
4 [1, -1, -1, -1]
2 [1, -1]
2 [-1, -1]
2 [-1, -1]
3 [1, 1, -1]
2 [1, 1]
2 [1, 1]
4 [1, 1, 1, 1]
10 [9, 1]
5 [1, 1, -1, -1, -1]
34 [1, 1, 1, 1, 1, 1, 1, 1, 1, 1, 1, 1, 1, 1, 1, -1, -1, -1, -1, -1, -1, -1, -1, -1, -1, -1, -1, -1, -1, -1, -1, -1, -1, -1]
2 [1, -1]
5 [3, 1, -1]
3 [1, 1, 1]
2 [1, 1]
2 [-1, -1]
3 [1, -1, -1]
2 [1, -1]
3 [-1, -1, -1]
2 [-1, -1]
2 [1, 1]
4 [1, 1, -1, -1]
2 [1, 1]
2 [-1, -1]
14 [12, 1, 1]
9 [1, 1, 1, -1, -1, -1, -1, -1, -1]
2 [-1, -1]
5 [2, 2, 1]
8 [1, 1, -1, -1, -1, -1, -1, -1]
3 [2, -1]
2 [1, -1]
2 [1, -1]
2 [1, -1]
2 [1, 1]
10 [9, 1]
6 [2, 1, 1, -1, -1]
3 [1, 1, -1]
2 [1, -1]
26 [14, 1, 1, 1, 1, 1, 1, -1, -1, -1, -1, -1, -1]
2 [1, -1]
2 [-1, -1]
2 [-1, -1]
12 [10, 1, -1]
3 [2, 1]
4 [1, 1, 1, -1]
7 [1, 1, 1, 1, 1, -1, -1]
