28 [20, 7, 1]
2 [-1, -1]
4 [2, 1, -1]
135 [40, 18, 9, 5, 3, 3, 2, 2, 2, 2, 2, 2, 2, 2, 1, 1, 1, 1, 1, 1, 1, 1, 1, 1, 1, 1, 1, 1, 1, 1, 1, 1, 1, 1, 1, 1, 1, 1, 1, 1, -1, -1, -1, -1, -1, -1, -1, -1, -1, -1, -1, -1, -1, -1, -1]
2 [1, -1]
3 [2, 1]
2 [1, 1]
2 [1, 1]
3 [1, -1, -1]
3 [1, -1, -1]
2 [1, -1]
10 [9, -1]
13 [1, 1, 1, 1, 1, 1, 1, -1, -1, -1, -1, -1, -1]
2 [1, -1]
2 [-1, -1]
2 [1, -1]
5 [1, -1, -1, -1, -1]
41 [12, 4, 2, 1, 1, 1, 1, 1, 1, 1, 1, 1, 1, 1, 1, 1, 1, 1, 1, -1, -1, -1, -1, -1, -1, -1]
3 [1, 1, 1]
4 [3, 1]
2 [1, 1]
2 [1, -1]
12 [1, 1, 1, 1, 1, 1, 1, 1, 1, 1, -1, -1]
3 [-1, -1, -1]
2 [1, -1]
3 [-1, -1, -1]
10 [3, 2, 1, 1, 1, -1, -1]
5 [1, 1, 1, -1, -1]
2 [1, 1]
8 [1, 1, 1, 1, 1, -1, -1, -1]
4 [1, 1, 1, 1]
3 [1, -1, -1]
34 [31, 2, 1]
3 [-1, -1, -1]
5 [4, 1]
10 [6, 1, -1, -1, -1]
6 [1, 1, 1, 1, 1, -1]
4 [2, 1, -1]
24 [2, 2, 2, 1, 1, 1, 1, 1, 1, 1, 1, 1, 1, 1, 1, 1, -1, -1, -1, -1, -1]
4 [2, 1, -1]
2 [1, 1]
11 [2, 1, 1, 1, 1, 1, 1, -1, -1, -1]
6 [1, 1, 1, 1, -1, -1]
12 [2, 2, 1, 1, 1, 1, 1, 1, -1, -1]
3 [2, 1]
3 [1, 1, -1]
12 [2, 1, 1, 1, 1, 1, 1, 1, 1, -1, -1]
2 [1, 1]
2 [1, 1]
2 [1, 1]
3 [1, 1, 1]
2 [1, -1]
2 [1, 1]
2 [1, -1]
3 [1, 1, -1]
2 [1, -1]
2 [1, 1]
7 [5, 1, -1]
16 [4, 2, 1, 1, 1, 1, 1, 1, -1, -1, -1, -1]
23 [2, 1, 1, 1, 1, 1, 1, 1, 1, 1, 1, 1, 1, 1, 1, -1, -1, -1, -1, -1, -1, -1]
3 [1, 1, -1]
5 [3, 2]
2 [1, 1]
2 [1, -1]
3 [1, -1, -1]
2 [1, -1]
4 [1, 1, -1, -1]
3 [1, -1, -1]
2 [1, -1]
4 [1, 1, 1, 1]
2 [-1, -1]
2 [1, -1]
33 [2, 1, 1, 1, 1, 1, 1, 1, 1, 1, 1, 1, 1, 1, 1, 1, 1, 1, 1, 1, 1, 1, 1, 1, 1, -1, -1, -1, -1, -1, -1, -1]
3 [2, -1]
2 [1, 1]
658 [657, 1]
3 [1, 1, -1]
2 [1, 1]
15 [2, 1, 1, 1, 1, 1, 1, 1, 1, -1, -1, -1, -1, -1]
