2 [1, 1]
3 [1, 1, 1]
2 [-1, -1]
2 [1, 1]
4 [1, -1, -1, -1]
3 [2, -1]
3 [1, -1, -1]
2 [1, -1]
4 [1, 1, -1, -1]
2 [1, 1]
3 [1, 1, -1]
13 [1, 1, 1, 1, 1, 1, 1, -1, -1, -1, -1, -1, -1]
5 [1, 1, 1, -1, -1]
2 [1, 1]
3 [1, 1, -1]
5 [1, 1, 1, -1, -1]
2 [1, -1]
2 [1, -1]
2 [1, -1]
2 [-1, -1]
4 [2, 1, -1]
2 [1, 1]
2 [1, -1]
2 [1, -1]
4 [1, 1, -1, -1]
11 [1, 1, 1, 1, 1, 1, -1, -1, -1, -1, -1]
2 [1, 1]
4 [1, 1, 1, -1]
10 [2, 1, 1, 1, 1, 1, -1, -1, -1]
4 [1, 1, 1, -1]
2 [1, -1]
2 [-1, -1]
2 [1, -1]
25 [4, 2, 1, 1, 1, 1, 1, 1, 1, 1, 1, 1, 1, 1, 1, 1, -1, -1, -1, -1, -1]
513 [233, 43, 13, 8, 8, 7, 5, 4, 4, 4, 3, 3, 3, 3, 2, 2, 2, 2, 2, 2, 2, 2, 1, 1, 1, 1, 1, 1, 1, 1, 1, 1, 1, 1, 1, 1, 1, 1, 1, 1, 1, 1, 1, 1, 1, 1, 1, 1, 1, 1, 1, 1, 1, 1, 1, 1, 1, 1, 1, 1, 1, 1, 1, 1, 1, 1, 1, 1, 1, 1, 1, 1, 1, 1, 1, 1, 1, 1, 1, 1, 1, 1, 1, 1, 1, 1, 1, 1, 1, 1, 1, 1, 1, 1, 1, 1, 1, 1, 1, 1, 1, 1, 1, 1, 1, 1, 1, 1, 1, 1, 1, 1, 1, 1, 1, 1, 1, 1, 1, 1, 1, 1, 1, 1, 1, 1, -1, -1, -1, -1, -1, -1, -1, -1, -1, -1, -1, -1, -1, -1, -1, -1, -1, -1, -1, -1, -1, -1, -1, -1, -1, -1, -1, -1, -1, -1, -1, -1, -1, -1, -1, -1, -1, -1, -1, -1, -1, -1, -1, -1, -1, -1, -1, -1, -1, -1, -1, -1]
24 [3, 1, 1, 1, 1, 1, 1, 1, 1, 1, 1, 1, 1, 1, 1, -1, -1, -1, -1, -1, -1, -1]
5 [3, 1, -1]
770 [369, 86, 42, 39, 9, 9, 9, 9, 8, 6, 6, 5, 5, 5, 4, 4, 3, 3, 3, 3, 2, 2, 2, 2, 2, 2, 2, 2, 2, 2, 2, 2, 1, 1, 1, 1, 1, 1, 1, 1, 1, 1, 1, 1, 1, 1, 1, 1, 1, 1, 1, 1, 1, 1, 1, 1, 1, 1, 1, 1, 1, 1, 1, 1, 1, 1, 1, 1, 1, 1, 1, 1, 1, 1, 1, 1, 1, 1, 1, 1, 1, 1, 1, 1, 1, 1, 1, 1, 1, 1, 1, 1, 1, 1, 1, 1, 1, 1, 1, 1, 1, 1, 1, 1, 1, 1, 1, 1, 1, 1, 1, -1, -1, -1, -1, -1, -1, -1, -1, -1, -1, -1, -1, -1, -1, -1, -1, -1, -1, -1, -1, -1, -1, -1, -1, -1, -1, -1, -1, -1, -1, -1, -1, -1, -1, -1, -1, -1, -1, -1, -1]
30 [15, 8, 2, 1, 1, 1, 1, -1]
3 [1, 1, 1]
2 [1, -1]
2 [1, 1]
5 [3, 1, 1]
2 [1, 1]
2 [1, 1]
2 [1, 1]
4 [1, 1, -1, -1]
9 [2, 1, 1, 1, 1, 1, 1, -1]
2 [1, -1]
5 [1, 1, 1, 1, -1]
3 [1, 1, -1]
2 [1, 1]
172 [35, 28, 3, 3, 2, 2, 2, 2, 2, 1, 1, 1, 1, 1, 1, 1, 1, 1, 1, 1, 1, 1, 1, 1, 1, 1, 1, 1, 1, 1, 1, 1, 1, 1, 1, 1, 1, 1, 1, 1, 1, 1, 1, 1, 1, 1, 1, 1, 1, 1, 1, 1, 1, 1, 1, 1, 1, 1, 1, 1, 1, 1, 1, 1, 1, 1, 1, 1, 1, 1, 1, 1, 1, 1, 1, 1, 1, 1, -1, -1, -1, -1, -1, -1, -1, -1, -1, -1, -1, -1, -1, -1, -1, -1, -1, -1, -1, -1, -1, -1, -1, -1]
2 [1, -1]
9 [3, 3, 1, 1, -1]
