633 [434, 82, 43, 32, 26, 7, 4, 1, 1, 1, -1, -1]
2 [1, -1]
15 [3, 2, 1, 1, 1, 1, 1, 1, 1, -1, -1, -1]
7 [6, -1]
2 [-1, -1]
20 [4, 2, 1, 1, 1, 1, 1, 1, 1, 1, 1, -1, -1, -1, -1, -1]
2 [1, -1]
34 [3, 1, 1, 1, 1, 1, 1, 1, 1, 1, 1, 1, 1, 1, 1, 1, 1, 1, 1, 1, 1, 1, 1, 1, -1, -1, -1, -1, -1, -1, -1, -1]
4 [1, -1, -1, -1]
2 [1, 1]
3 [1, -1, -1]
2 [1, -1]
2 [1, -1]
9 [3, 1, 1, 1, 1, -1, -1]
16 [3, 1, 1, 1, 1, 1, 1, -1, -1, -1, -1, -1, -1, -1]
5 [1, 1, 1, -1, -1]
4 [3, 1]
22 [21, -1]
907 [833, 72, 1, -1]
7 [1, 1, 1, -1, -1, -1, -1]
4 [1, 1, -1, -1]
10 [4, 2, 1, 1, -1, -1]
10 [4, 3, 1, 1, -1]
16 [6, 3, 2, 1, 1, 1, 1, -1]
2 [1, -1]
2 [1, 1]
3 [2, 1]
2 [1, -1]
8 [4, 3, 1]
5 [1, 1, 1, -1, -1]
2 [1, 1]
2 [1, -1]
13 [2, 2, 2, 1, 1, 1, 1, 1, -1, -1]
3 [1, -1, -1]
3 [1, -1, -1]
2 [1, -1]
7 [2, 1, 1, 1, 1, -1]
27 [26, 1]
2 [1, 1]
4 [1, 1, 1, 1]
2 [-1, -1]
27 [1, 1, 1, 1, 1, 1, 1, 1, 1, 1, 1, 1, 1, 1, 1, 1, 1, 1, 1, 1, 1, -1, -1, -1, -1, -1, -1]
3 [1, 1, -1]
3 [1, -1, -1]
12 [5, 1, 1, 1, 1, -1, -1, -1]
4 [1, 1, 1, -1]
145 [143, -1, -1]
