2 [-1, -1]
2 [1, -1]
3 [1, -1, -1]
2 [1, -1]
2 [-1, -1]
3 [1, -1, -1]
2 [1, -1]
59 [15, 5, 3, 2, 1, 1, 1, 1, 1, 1, 1, 1, 1, 1, 1, 1, 1, 1, 1, 1, 1, 1, 1, 1, 1, 1, 1, -1, -1, -1, -1, -1, -1, -1, -1, -1, -1, -1]
7 [2, 2, 1, 1, 1]
5 [1, -1, -1, -1, -1]
2 [1, -1]
4 [1, 1, 1, 1]
2 [-1, -1]
3 [1, 1, -1]
2 [1, -1]
2 [1, -1]
2 [1, -1]
8 [1, 1, 1, 1, 1, -1, -1, -1]
2 [1, -1]
2 [1, -1]
2 [1, -1]
2 [-1, -1]
2 [1, -1]
2 [1, -1]
2 [-1, -1]
6 [4, 2]
2 [1, -1]
2 [1, 1]
6 [2, 1, 1, -1, -1]
10 [2, 2, 1, 1, 1, 1, 1, 1]
20 [6, 3, 1, 1, 1, 1, 1, 1, 1, 1, -1, -1, -1]
5 [4, 1]
2 [-1, -1]
14 [2, 1, 1, 1, 1, 1, 1, -1, -1, -1, -1, -1, -1]
2 [-1, -1]
2 [1, 1]
3 [1, -1, -1]
4 [1, 1, 1, -1]
2 [1, -1]
2 [1, -1]
2 [1, -1]
3 [1, 1, 1]
2 [1, -1]
2 [-1, -1]
2 [1, -1]
10 [1, 1, 1, 1, 1, 1, 1, -1, -1, -1]
6 [1, 1, 1, 1, -1, -1]
12 [1, 1, 1, 1, 1, 1, 1, 1, -1, -1, -1, -1]
2 [1, -1]
3 [-1, -1, -1]
2 [-1, -1]
2 [1, -1]
2 [1, -1]
5 [2, 1, -1, -1]
2 [-1, -1]
13 [10, 1, -1, -1]
2 [-1, -1]
2 [1, -1]
2 [1, 1]
4 [1, 1, -1, -1]
2 [1, -1]
2 [1, -1]
4 [1, 1, 1, -1]
2 [1, 1]
2 [1, -1]
2 [1, 1]
2 [1, -1]
6 [1, 1, 1, 1, -1, -1]
2 [1, 1]
2 [1, -1]
3 [1, 1, -1]
32 [1, 1, 1, 1, 1, 1, 1, 1, 1, 1, 1, 1, 1, 1, 1, 1, 1, 1, -1, -1, -1, -1, -1, -1, -1, -1, -1, -1, -1, -1, -1, -1]
3 [1, 1, -1]
6 [1, 1, 1, 1, -1, -1]
2 [1, -1]
13 [1, 1, 1, 1, 1, 1, -1, -1, -1, -1, -1, -1, -1]
16 [1, 1, 1, 1, 1, 1, -1, -1, -1, -1, -1, -1, -1, -1, -1, -1]
3 [-1, -1, -1]
3 [1, 1, -1]
2 [-1, -1]
3 [1, 1, -1]
8 [2, 2, 1, 1, 1, -1]
2 [1, -1]
3 [1, 1, -1]
41 [40, 1]
2 [1, 1]
3 [1, 1, -1]
2 [-1, -1]
2 [1, 1]
2 [1, 1]
2 [1, -1]
9 [1, 1, 1, 1, 1, -1, -1, -1, -1]
2 [1, -1]
2 [-1, -1]
3 [1, -1, -1]
3 [1, 1, -1]
41 [2, 2, 1, 1, 1, 1, 1, 1, 1, 1, 1, 1, 1, 1, 1, 1, 1, 1, 1, -1, -1, -1, -1, -1, -1, -1, -1, -1, -1, -1, -1, -1, -1, -1, -1, -1, -1, -1, -1]
7 [3, 1, 1, 1, -1]
