2 [1, 1]
7 [4, 2, -1]
2 [1, -1]
3 [1, -1, -1]
2 [-1, -1]
7 [1, 1, -1, -1, -1, -1, -1]
36 [22, 1, 1, 1, 1, 1, 1, 1, 1, 1, -1, -1, -1, -1, -1]
2 [-1, -1]
6 [1, 1, 1, -1, -1, -1]
2 [-1, -1]
2 [1, -1]
24 [3, 1, 1, 1, 1, 1, 1, 1, 1, 1, 1, 1, 1, -1, -1, -1, -1, -1, -1, -1, -1, -1]
2 [1, -1]
2 [1, -1]
2 [1, 1]
2 [1, 1]
2 [1, -1]
7 [1, 1, 1, 1, 1, -1, -1]
2 [1, 1]
2 [1, -1]
2 [1, -1]
4 [1, 1, -1, -1]
40 [5, 3, 2, 2, 1, 1, 1, 1, 1, 1, 1, 1, 1, 1, 1, 1, 1, 1, 1, 1, 1, 1, -1, -1, -1, -1, -1, -1, -1, -1, -1, -1]
10 [7, 3]
15 [8, 1, 1, 1, -1, -1, -1, -1]
2 [1, -1]
2 [1, -1]
2 [1, 1]
2 [1, -1]
6 [1, 1, 1, 1, -1, -1]
2 [-1, -1]
5 [2, 1, 1, 1]
2 [1, -1]
2 [1, -1]
2 [1, -1]
2 [1, -1]
4 [1, -1, -1, -1]
3 [1, 1, 1]
3 [1, -1, -1]
2 [1, -1]
9 [8, -1]
2 [1, -1]
4 [1, 1, 1, -1]
12 [2, 1, 1, 1, 1, 1, 1, -1, -1, -1, -1]
16 [3, 2, 1, 1, 1, 1, 1, 1, 1, 1, 1, -1, -1]
7 [1, 1, 1, 1, 1, 1, -1]
3 [1, -1, -1]
2 [1, 1]
2 [1, 1]
3 [1, 1, 1]
2 [1, -1]
8 [5, 1, 1, -1]
2 [1, 1]
2 [-1, -1]
16 [4, 2, 1, 1, 1, 1, 1, 1, -1, -1, -1, -1]
19 [2, 1, 1, 1, 1, 1, 1, 1, 1, 1, 1, 1, 1, 1, 1, 1, -1, -1]
3 [2, -1]
27 [8, 6, 4, 3, 1, 1, 1, 1, -1, -1]
3 [1, -1, -1]
41 [2, 2, 1, 1, 1, 1, 1, 1, 1, 1, 1, 1, 1, 1, 1, 1, 1, 1, 1, 1, 1, 1, 1, 1, 1, 1, 1, 1, 1, 1, -1, -1, -1, -1, -1, -1, -1, -1, -1]
106 [12, 5, 4, 4, 3, 3, 2, 2, 2, 2, 2, 2, 2, 1, 1, 1, 1, 1, 1, 1, 1, 1, 1, 1, 1, 1, 1, 1, 1, 1, 1, 1, 1, 1, 1, 1, 1, 1, 1, 1, 1, 1, 1, 1, 1, 1, 1, 1, 1, 1, 1, 1, 1, 1, 1, 1, 1, -1, -1, -1, -1, -1, -1, -1, -1, -1, -1, -1, -1, -1, -1, -1, -1, -1]
2 [1, -1]
2 [1, 1]
