5 [1, 1, -1, -1, -1]
2 [1, -1]
23 [1, 1, 1, 1, 1, 1, 1, 1, 1, 1, 1, 1, 1, 1, -1, -1, -1, -1, -1, -1, -1, -1, -1]
2 [-1, -1]
68 [10, 3, 2, 2, 2, 1, 1, 1, 1, 1, 1, 1, 1, 1, 1, 1, 1, 1, 1, 1, 1, 1, 1, 1, 1, 1, 1, 1, 1, 1, 1, 1, 1, 1, 1, -1, -1, -1, -1, -1, -1, -1, -1, -1, -1, -1, -1, -1, -1, -1, -1, -1, -1, -1]
8 [-1, -1, -1, -1, -1, -1, -1, -1]
3 [1, -1, -1]
2 [-1, -1]
31 [3, 1, 1, 1, 1, 1, 1, 1, 1, 1, 1, 1, 1, 1, 1, 1, 1, 1, 1, 1, 1, 1, 1, -1, -1, -1, -1, -1, -1]
20 [2, 1, 1, 1, 1, 1, 1, 1, 1, 1, 1, 1, 1, 1, 1, -1, -1, -1, -1]
2 [1, -1]
340 [15, 13, 9, 4, 3, 3, 3, 3, 3, 3, 3, 3, 3, 3, 3, 3, 2, 2, 2, 2, 2, 2, 2, 2, 2, 2, 2, 2, 2, 2, 2, 2, 2, 2, 2, 1, 1, 1, 1, 1, 1, 1, 1, 1, 1, 1, 1, 1, 1, 1, 1, 1, 1, 1, 1, 1, 1, 1, 1, 1, 1, 1, 1, 1, 1, 1, 1, 1, 1, 1, 1, 1, 1, 1, 1, 1, 1, 1, 1, 1, 1, 1, 1, 1, 1, 1, 1, 1, 1, 1, 1, 1, 1, 1, 1, 1, 1, 1, 1, 1, 1, 1, 1, 1, 1, 1, 1, 1, 1, 1, 1, 1, 1, 1, 1, 1, 1, 1, 1, 1, 1, 1, 1, 1, 1, 1, 1, 1, 1, 1, 1, 1, 1, 1, 1, 1, 1, 1, 1, 1, 1, 1, 1, 1, 1, 1, 1, 1, 1, 1, 1, 1, 1, 1, 1, 1, 1, -1, -1, -1, -1, -1, -1, -1, -1, -1, -1, -1, -1, -1, -1, -1, -1, -1, -1, -1, -1, -1, -1, -1, -1, -1, -1, -1, -1, -1, -1, -1, -1, -1, -1, -1, -1, -1, -1, -1, -1, -1, -1, -1, -1, -1, -1, -1, -1, -1, -1, -1, -1, -1, -1, -1, -1, -1, -1, -1, -1, -1, -1, -1, -1, -1, -1, -1, -1, -1, -1, -1, -1, -1, -1, -1, -1, -1, -1, -1, -1, -1, -1, -1, -1, -1, -1, -1, -1, -1, -1, -1, -1, -1, -1, -1, -1, -1, -1, -1, -1, -1, -1, -1]
3 [-1, -1, -1]
2 [-1, -1]
3 [1, -1, -1]
3 [1, -1, -1]
13 [1, 1, 1, 1, 1, 1, 1, -1, -1, -1, -1, -1, -1]
5 [2, 1, 1, -1]
2 [1, 1]
2 [1, -1]
2 [1, -1]
2 [-1, -1]
2 [1, 1]
2 [-1, -1]
2 [1, -1]
2 [1, 1]
14 [1, 1, 1, 1, 1, 1, 1, -1, -1, -1, -1, -1, -1, -1]
2 [1, 1]
3 [-1, -1, -1]
2 [1, 1]
2 [1, -1]
2 [-1, -1]
2 [1, 1]
3 [1, 1, -1]
4 [1, 1, 1, -1]
2 [1, -1]
2 [-1, -1]
4 [1, 1, 1, -1]
2 [1, -1]
2 [1, -1]
3 [1, -1, -1]
3 [1, -1, -1]
2 [1, 1]
4 [1, -1, -1, -1]
3 [1, -1, -1]
2 [1, -1]
3 [1, 1, -1]
3 [1, 1, 1]
21 [12, 1, 1, 1, 1, 1, 1, 1, 1, -1]
2 [-1, -1]
2 [1, 1]
5 [2, 1, 1, 1]
2 [1, -1]
3 [1, -1, -1]
12 [3, 2, 1, 1, 1, 1, 1, -1, -1]
2 [1, 1]
18 [14, 1, 1, 1, -1]
2 [1, 1]
2 [1, -1]
2 [1, -1]
27 [1, 1, 1, 1, 1, 1, 1, 1, 1, 1, 1, 1, 1, 1, -1, -1, -1, -1, -1, -1, -1, -1, -1, -1, -1, -1, -1]
2 [-1, -1]
2 [-1, -1]
2 [-1, -1]
2 [1, 1]
2 [1, -1]
2 [1, 1]
2 [1, -1]
2 [1, -1]
2 [-1, -1]
2 [-1, -1]
2 [1, 1]
3 [1, 1, 1]
3 [2, 1]
26 [13, 2, 1, 1, 1, 1, 1, 1, 1, 1, -1, -1, -1]
4 [1, -1, -1, -1]
2 [-1, -1]
6 [1, 1, 1, 1, -1, -1]
2 [1, -1]
2 [-1, -1]
2 [-1, -1]
