3 [1, -1, -1]
15 [1, 1, 1, 1, 1, 1, 1, 1, 1, 1, -1, -1, -1, -1, -1]
30 [7, 3, 1, 1, 1, 1, 1, 1, 1, 1, 1, 1, 1, 1, 1, 1, 1, -1, -1, -1, -1, -1]
2 [1, -1]
2 [1, -1]
3 [-1, -1, -1]
3 [1, -1, -1]
2 [1, -1]
2 [-1, -1]
3 [1, 1, -1]
8 [3, 2, 1, 1, -1]
2 [1, -1]
3 [1, 1, -1]
2 [-1, -1]
4 [1, 1, -1, -1]
11 [4, 2, 1, 1, 1, -1, -1]
10 [1, 1, 1, 1, 1, 1, 1, -1, -1, -1]
3 [1, 1, -1]
2 [1, -1]
2 [1, 1]
2 [1, -1]
2 [1, 1]
3 [1, 1, -1]
2 [1, 1]
2 [1, -1]
31 [2, 2, 2, 1, 1, 1, 1, 1, 1, 1, 1, 1, 1, 1, 1, 1, -1, -1, -1, -1, -1, -1, -1, -1, -1, -1, -1, -1]
3 [1, 1, -1]
2 [1, 1]
2 [1, 1]
2 [1, 1]
2 [1, 1]
10 [1, 1, 1, 1, 1, 1, -1, -1, -1, -1]
2 [1, 1]
2 [-1, -1]
2 [1, 1]
2 [1, -1]
51 [2, 2, 1, 1, 1, 1, 1, 1, 1, 1, 1, 1, 1, 1, 1, 1, 1, 1, 1, 1, 1, 1, 1, 1, 1, 1, 1, 1, 1, 1, 1, 1, -1, -1, -1, -1, -1, -1, -1, -1, -1, -1, -1, -1, -1, -1, -1, -1, -1]
2 [1, -1]
2 [1, -1]
2 [1, 1]
15 [1, 1, 1, 1, 1, 1, 1, 1, 1, 1, 1, -1, -1, -1, -1]
2 [-1, -1]
2 [1, -1]
2 [1, 1]
4 [1, 1, -1, -1]
2 [1, -1]
3 [1, 1, -1]
2 [1, -1]
2 [1, -1]
2 [1, 1]
2 [1, 1]
2 [1, -1]
6 [1, 1, 1, 1, -1, -1]
6 [1, 1, -1, -1, -1, -1]
2 [1, -1]
3 [1, 1, 1]
2 [1, -1]
2 [1, 1]
4 [1, 1, 1, -1]
14 [13, -1]
2 [1, -1]
2 [1, 1]
2 [1, -1]
48 [16, 14, 3, 1, 1, 1, 1, 1, 1, 1, 1, -1, -1, -1, -1, -1, -1, -1]
9 [1, 1, 1, 1, -1, -1, -1, -1, -1]
2 [1, 1]
2 [1, 1]
5 [1, 1, 1, -1, -1]
2 [1, -1]
40 [3, 2, 1, 1, 1, 1, 1, 1, 1, 1, 1, 1, 1, 1, 1, 1, 1, 1, 1, 1, 1, 1, 1, 1, 1, -1, -1, -1, -1, -1, -1, -1, -1, -1, -1, -1, -1]
2 [1, -1]
2 [1, 1]
34 [28, 5, 1]
2 [1, -1]
2 [1, -1]
7 [2, 1, 1, 1, 1, -1]
2 [1, -1]
2 [1, 1]
16 [4, 3, 1, 1, 1, 1, 1, 1, -1, -1, -1]
9 [2, 1, 1, 1, 1, 1, -1, -1]
54 [1, 1, 1, 1, 1, 1, 1, 1, 1, 1, 1, 1, 1, 1, 1, 1, 1, 1, 1, 1, 1, 1, 1, 1, 1, 1, 1, 1, 1, 1, 1, 1, 1, 1, 1, 1, -1, -1, -1, -1, -1, -1, -1, -1, -1, -1, -1, -1, -1, -1, -1, -1, -1, -1]
3 [1, 1, 1]
2 [1, 1]
2 [1, -1]
2 [1, -1]
2 [-1, -1]
5 [1, 1, 1, 1, -1]
2 [1, -1]
2 [-1, -1]
4 [1, 1, 1, 1]
3 [-1, -1, -1]
2 [1, -1]
2 [1, 1]
5 [2, 1, 1, -1]
2 [1, 1]
3 [1, -1, -1]
2 [1, 1]
2 [1, -1]
2 [1, -1]
2 [1, 1]
9 [3, 2, 1, 1, -1, -1]
