4 [1, -1, -1, -1]
10 [7, 1, -1, -1]
3 [1, -1, -1]
2 [1, -1]
3 [1, -1, -1]
3 [1, 1, -1]
114 [38, 4, 4, 4, 4, 3, 3, 2, 2, 2, 2, 2, 1, 1, 1, 1, 1, 1, 1, 1, 1, 1, 1, 1, 1, 1, 1, 1, 1, 1, 1, 1, 1, 1, 1, 1, 1, 1, 1, 1, -1, -1, -1, -1, -1, -1, -1, -1, -1, -1, -1, -1, -1, -1, -1, -1]
3 [1, -1, -1]
2 [1, 1]
121 [6, 2, 2, 2, 1, 1, 1, 1, 1, 1, 1, 1, 1, 1, 1, 1, 1, 1, 1, 1, 1, 1, 1, 1, 1, 1, 1, 1, 1, 1, 1, 1, 1, 1, 1, 1, 1, 1, 1, 1, 1, 1, 1, 1, 1, 1, 1, 1, 1, 1, 1, 1, 1, 1, 1, 1, 1, 1, 1, 1, 1, 1, 1, 1, 1, 1, 1, 1, 1, 1, 1, 1, 1, 1, 1, 1, 1, 1, 1, -1, -1, -1, -1, -1, -1, -1, -1, -1, -1, -1, -1, -1, -1, -1, -1, -1, -1, -1, -1, -1, -1, -1, -1, -1, -1, -1, -1, -1, -1, -1, -1, -1, -1]
3 [1, 1, -1]
53 [3, 1, 1, 1, 1, 1, 1, 1, 1, 1, 1, 1, 1, 1, 1, 1, 1, 1, 1, 1, 1, 1, 1, 1, 1, 1, 1, 1, 1, 1, 1, 1, 1, 1, 1, 1, -1, -1, -1, -1, -1, -1, -1, -1, -1, -1, -1, -1, -1, -1, -1]
2 [1, 1]
3 [1, -1, -1]
4 [1, 1, -1, -1]
2 [1, -1]
2 [-1, -1]
2 [1, -1]
2 [1, -1]
2 [1, -1]
2 [-1, -1]
2 [1, -1]
3 [2, -1]
5 [1, 1, 1, 1, -1]
2 [1, -1]
97 [76, 9, 1, 1, 1, 1, 1, 1, -1, -1, -1, -1, -1, -1]
2 [1, 1]
2 [-1, -1]
2 [-1, -1]
2 [1, -1]
6 [1, 1, 1, 1, 1, -1]
2 [1, 1]
21 [15, 5, 1]
2 [1, -1]
2 [1, -1]
21 [4, 2, 2, 1, 1, 1, 1, 1, 1, -1, -1, -1, -1, -1, -1, -1]
2 [1, 1]
3 [1, 1, 1]
2 [1, 1]
14 [2, 1, 1, 1, 1, 1, 1, -1, -1, -1, -1, -1, -1]
3 [1, -1, -1]
2 [1, -1]
2 [1, 1]
3 [1, 1, 1]
2 [-1, -1]
2 [1, -1]
3 [1, 1, -1]
8 [4, 1, 1, 1, -1]
2 [1, -1]
2 [1, -1]
2 [1, -1]
2 [1, -1]
2 [-1, -1]
2 [1, 1]
3 [2, -1]
7 [1, 1, 1, 1, 1, -1, -1]
2 [-1, -1]
2 [-1, -1]
4 [1, -1, -1, -1]
3 [1, -1, -1]
2 [1, 1]
2 [1, -1]
12 [1, 1, 1, 1, 1, 1, 1, 1, 1, 1, -1, -1]
2 [-1, -1]
2 [-1, -1]
2 [1, 1]
2 [1, -1]
22 [1, 1, 1, 1, 1, 1, 1, 1, 1, 1, 1, 1, 1, 1, -1, -1, -1, -1, -1, -1, -1, -1]
2 [1, 1]
3 [1, 1, -1]
2 [1, -1]
2 [1, -1]
3 [1, 1, -1]
10 [4, 1, 1, 1, 1, -1, -1]
2 [-1, -1]
2 [1, -1]
7 [1, 1, -1, -1, -1, -1, -1]
2 [1, -1]
2 [1, 1]
2 [1, 1]
3 [1, -1, -1]
3 [1, -1, -1]
5 [1, 1, 1, 1, -1]
5 [2, 1, 1, -1]
2 [1, -1]
2 [-1, -1]
3 [-1, -1, -1]
2 [1, 1]
4 [1, 1, 1, 1]
2 [1, -1]
2 [1, -1]
