4 [1, 1, 1, -1]
2 [1, -1]
4 [1, 1, 1, -1]
4 [1, 1, 1, 1]
2 [1, 1]
2 [-1, -1]
2 [1, -1]
2 [1, -1]
3 [1, 1, -1]
5 [1, 1, 1, -1, -1]
8 [1, 1, 1, 1, 1, 1, -1, -1]
2 [1, -1]
2 [1, -1]
2 [1, -1]
3 [1, 1, 1]
2 [1, -1]
2 [1, -1]
60 [3, 2, 2, 2, 1, 1, 1, 1, 1, 1, 1, 1, 1, 1, 1, 1, 1, 1, 1, 1, 1, 1, 1, 1, 1, 1, 1, 1, 1, 1, 1, 1, 1, 1, 1, 1, 1, 1, 1, 1, -1, -1, -1, -1, -1, -1, -1, -1, -1, -1, -1, -1, -1, -1, -1]
335 [186, 34, 12, 4, 2, 2, 2, 2, 2, 2, 2, 1, 1, 1, 1, 1, 1, 1, 1, 1, 1, 1, 1, 1, 1, 1, 1, 1, 1, 1, 1, 1, 1, 1, 1, 1, 1, 1, 1, 1, 1, 1, 1, 1, 1, 1, 1, 1, 1, 1, 1, 1, 1, 1, 1, 1, 1, 1, 1, 1, 1, 1, 1, 1, 1, 1, 1, 1, 1, -1, -1, -1, -1, -1, -1, -1, -1, -1, -1, -1, -1, -1, -1, -1, -1, -1, -1, -1, -1, -1, -1, -1, -1, -1, -1, -1]
3 [1, -1, -1]
2 [1, 1]
2 [1, 1]
5 [4, -1]
2 [1, -1]
2 [1, 1]
2 [1, -1]
3 [1, 1, -1]
3 [1, 1, 1]
26 [16, 2, 1, 1, 1, 1, 1, -1, -1, -1]
3 [1, -1, -1]
31 [1, 1, 1, 1, 1, 1, 1, 1, 1, 1, 1, 1, 1, 1, 1, 1, 1, 1, 1, 1, -1, -1, -1, -1, -1, -1, -1, -1, -1, -1, -1]
2 [1, 1]
6 [1, 1, 1, 1, -1, -1]
2 [1, 1]
2 [1, -1]
2 [1, -1]
6 [1, 1, 1, -1, -1, -1]
3 [1, 1, 1]
2 [1, -1]
2 [-1, -1]
2 [1, 1]
4 [2, 1, 1]
2 [1, -1]
7 [1, 1, 1, 1, -1, -1, -1]
2 [1, -1]
43 [33, 2, 1, 1, 1, 1, 1, -1, -1, -1]
2 [1, 1]
4 [1, -1, -1, -1]
2 [-1, -1]
2 [1, -1]
2 [1, 1]
2 [1, 1]
5 [1, 1, 1, 1, -1]
2 [1, 1]
2 [1, -1]
2 [1, 1]
285 [220, 30, 6, 2, 2, 2, 1, 1, 1, 1, 1, 1, 1, 1, 1, 1, 1, 1, 1, 1, 1, 1, 1, 1, 1, -1, -1, -1, -1]
3 [2, 1]
134 [14, 4, 3, 2, 2, 2, 2, 1, 1, 1, 1, 1, 1, 1, 1, 1, 1, 1, 1, 1, 1, 1, 1, 1, 1, 1, 1, 1, 1, 1, 1, 1, 1, 1, 1, 1, 1, 1, 1, 1, 1, 1, 1, 1, 1, 1, 1, 1, 1, 1, 1, 1, 1, 1, 1, 1, 1, 1, 1, 1, 1, 1, 1, 1, 1, 1, 1, 1, 1, 1, 1, 1, 1, 1, 1, -1, -1, -1, -1, -1, -1, -1, -1, -1, -1, -1, -1, -1, -1, -1, -1, -1, -1, -1, -1, -1, -1, -1, -1, -1, -1, -1, -1, -1, -1, -1, -1, -1, -1, -1, -1, -1]
9 [8, 1]
2 [-1, -1]
2 [-1, -1]
2 [-1, -1]
7 [1, 1, 1, 1, 1, 1, 1]
2 [1, 1]
2 [-1, -1]
3 [1, 1, -1]
2 [1, -1]
3 [1, 1, 1]
2 [1, 1]
2 [1, -1]
2 [1, 1]
2 [1, -1]
2 [1, 1]
4 [1, -1, -1, -1]
3 [1, -1, -1]
3 [1, -1, -1]
5 [1, 1, 1, -1, -1]
2 [-1, -1]
31 [9, 1, 1, 1, 1, 1, 1, 1, 1, 1, 1, 1, 1, 1, -1, -1, -1, -1, -1, -1, -1, -1, -1]
3 [1, 1, 1]
3 [1, 1, -1]
2 [-1, -1]
15 [1, 1, 1, 1, 1, 1, 1, 1, 1, 1, 1, -1, -1, -1, -1]
2 [1, 1]
2 [-1, -1]
3 [1, 1, -1]
4 [1, 1, 1, 1]
2 [1, 1]
4 [1, 1, -1, -1]
2 [1, -1]
2 [1, -1]
2 [1, -1]
4 [1, 1, 1, -1]
3 [1, -1, -1]
2 [1, 1]
2 [1, -1]
2 [1, 1]
5 [4, 1]
2 [1, 1]
2 [-1, -1]
2 [1, -1]
25 [8, 2, 1, 1, 1, 1, 1, 1, -1, -1, -1, -1, -1, -1, -1, -1, -1]
6 [1, 1, 1, 1, -1, -1]
2 [1, -1]
2 [1, -1]
2 [1, -1]
