17 [4, 1, 1, 1, 1, 1, 1, 1, 1, 1, 1, -1, -1, -1]
2 [1, 1]
2 [1, -1]
3 [2, 1]
9 [2, 1, 1, 1, 1, 1, 1, -1]
2 [1, -1]
4 [1, 1, 1, -1]
2 [1, 1]
2 [-1, -1]
2 [-1, -1]
2 [-1, -1]
3 [1, -1, -1]
2 [1, 1]
2 [1, -1]
3 [1, -1, -1]
2 [1, -1]
2 [-1, -1]
5 [4, 1]
4 [2, -1, -1]
3 [1, -1, -1]
3 [1, 1, -1]
2 [-1, -1]
3 [1, 1, -1]
5 [1, 1, 1, -1, -1]
6 [1, 1, -1, -1, -1, -1]
2 [1, -1]
4 [1, -1, -1, -1]
2 [1, -1]
3 [1, -1, -1]
3 [1, 1, -1]
6 [2, 1, -1, -1, -1]
2 [1, -1]
2 [1, 1]
3 [1, -1, -1]
2 [1, -1]
4 [3, 1]
9 [8, -1]
2 [1, -1]
138 [29, 9, 9, 5, 4, 4, 3, 3, 3, 3, 2, 2, 1, 1, 1, 1, 1, 1, 1, 1, 1, 1, 1, 1, 1, 1, 1, 1, 1, 1, 1, 1, 1, 1, 1, 1, 1, 1, 1, 1, 1, 1, 1, 1, 1, 1, 1, 1, 1, 1, 1, 1, 1, 1, 1, -1, -1, -1, -1, -1, -1, -1, -1, -1, -1, -1, -1, -1, -1, -1, -1, -1, -1, -1]
2 [-1, -1]
19 [4, 2, 1, 1, 1, 1, -1, -1, -1, -1, -1, -1, -1, -1, -1]
3 [1, 1, -1]
4 [-1, -1, -1, -1]
2 [1, 1]
10 [5, 3, 1, 1]
15 [13, 1, -1]
11 [1, 1, 1, 1, 1, 1, 1, 1, 1, -1, -1]
167 [8, 8, 3, 3, 3, 3, 2, 2, 2, 2, 2, 2, 2, 2, 2, 1, 1, 1, 1, 1, 1, 1, 1, 1, 1, 1, 1, 1, 1, 1, 1, 1, 1, 1, 1, 1, 1, 1, 1, 1, 1, 1, 1, 1, 1, 1, 1, 1, 1, 1, 1, 1, 1, 1, 1, 1, 1, 1, 1, 1, 1, 1, 1, 1, 1, 1, 1, 1, 1, 1, 1, 1, 1, 1, 1, 1, 1, 1, 1, 1, 1, 1, 1, 1, 1, 1, 1, 1, 1, 1, 1, 1, 1, 1, 1, 1, 1, 1, 1, 1, -1, -1, -1, -1, -1, -1, -1, -1, -1, -1, -1, -1, -1, -1, -1, -1, -1, -1, -1, -1, -1, -1, -1, -1, -1, -1, -1, -1, -1, -1, -1, -1, -1, -1, -1, -1]
2 [1, -1]
