52 [46, 5, 1]
8 [1, 1, 1, 1, 1, 1, 1, -1]
2 [1, 1]
6 [1, 1, 1, 1, 1, 1]
11 [2, 1, 1, 1, -1, -1, -1, -1, -1, -1]
2 [1, -1]
4 [1, 1, 1, -1]
8 [2, 1, -1, -1, -1, -1, -1]
3 [1, -1, -1]
3 [1, 1, 1]
2 [1, -1]
6 [1, 1, -1, -1, -1, -1]
2 [1, 1]
2 [1, -1]
4 [1, 1, -1, -1]
2 [1, -1]
2 [1, 1]
2 [1, 1]
33 [2, 2, 1, 1, 1, 1, 1, 1, 1, 1, 1, 1, 1, 1, 1, 1, 1, 1, 1, 1, -1, -1, -1, -1, -1, -1, -1, -1, -1, -1, -1]
4 [1, 1, 1, -1]
5 [1, 1, -1, -1, -1]
6 [4, 2]
5 [1, 1, 1, 1, -1]
2 [1, 1]
5 [3, 1, -1]
2 [1, -1]
3 [-1, -1, -1]
27 [12, 1, 1, 1, 1, 1, 1, 1, 1, 1, 1, 1, -1, -1, -1, -1]
2 [1, 1]
2 [1, 1]
2 [-1, -1]
2 [1, 1]
2 [1, 1]
2 [1, 1]
4 [1, 1, 1, -1]
4 [1, 1, 1, 1]
6 [3, 1, 1, -1]
24 [7, 5, 1, 1, 1, 1, 1, 1, 1, 1, 1, 1, -1, -1]
9 [1, 1, 1, 1, 1, -1, -1, -1, -1]
2 [1, -1]
2 [1, 1]
2 [-1, -1]
2 [1, -1]
221 [66, 22, 10, 8, 7, 6, 5, 5, 3, 3, 2, 2, 2, 2, 2, 2, 2, 2, 1, 1, 1, 1, 1, 1, 1, 1, 1, 1, 1, 1, 1, 1, 1, 1, 1, 1, 1, 1, 1, 1, 1, 1, 1, 1, 1, 1, 1, 1, 1, 1, 1, 1, 1, 1, 1, 1, 1, 1, 1, 1, 1, 1, 1, 1, 1, 1, -1, -1, -1, -1, -1, -1, -1, -1, -1, -1, -1, -1, -1, -1, -1, -1, -1, -1, -1, -1, -1, -1]
12 [11, -1]
2 [1, -1]
6 [1, 1, 1, 1, -1, -1]
1220 [457, 245, 232, 64, 19, 14, 7, 6, 5, 5, 4, 3, 2, 2, 2, 2, 2, 2, 2, 2, 2, 1, 1, 1, 1, 1, 1, 1, 1, 1, 1, 1, 1, 1, 1, 1, 1, 1, 1, 1, 1, 1, 1, 1, 1, 1, 1, 1, 1, 1, 1, 1, 1, 1, 1, 1, 1, 1, 1, 1, 1, 1, 1, 1, 1, 1, 1, 1, 1, 1, 1, 1, 1, 1, 1, 1, 1, 1, 1, 1, 1, 1, 1, 1, 1, 1, 1, 1, 1, 1, 1, 1, 1, 1, 1, 1, 1, 1, 1, -1, -1, -1, -1, -1, -1, -1, -1, -1, -1, -1, -1, -1, -1, -1, -1, -1, -1, -1, -1, -1, -1, -1, -1, -1, -1, -1, -1, -1, -1, -1, -1, -1, -1, -1, -1, -1, -1, -1, -1, -1, -1, -1, -1, -1, -1, -1, -1, -1, -1, -1, -1, -1, -1, -1, -1, -1, -1, -1, -1, -1, -1, -1]
2 [1, 1]
2 [1, 1]
2 [1, -1]
2 [1, -1]
