9 [3, 1, 1, 1, -1, -1, -1]
14 [4, 1, 1, 1, 1, 1, 1, 1, -1, -1, -1]
19 [12, 7]
17 [8, 5, 1, 1, 1, -1]
2 [1, -1]
5 [1, 1, -1, -1, -1]
3 [1, 1, 1]
5 [1, 1, 1, -1, -1]
2 [1, -1]
6 [5, 1]
6 [3, -1, -1, -1]
4 [1, -1, -1, -1]
2 [1, -1]
3 [2, -1]
2 [1, -1]
2 [1, -1]
3 [1, 1, -1]
2 [1, -1]
3 [2, -1]
4 [1, 1, -1, -1]
14 [1, 1, 1, 1, 1, 1, 1, 1, -1, -1, -1, -1, -1, -1]
10 [1, 1, 1, 1, 1, 1, -1, -1, -1, -1]
2 [1, -1]
2 [1, -1]
6 [1, 1, 1, 1, -1, -1]
6 [1, 1, 1, 1, 1, -1]
2 [1, 1]
2 [1, 1]
2 [1, -1]
6 [4, 2]
25 [21, 4]
3 [1, -1, -1]
75 [24, 2, 2, 2, 2, 1, 1, 1, 1, 1, 1, 1, 1, 1, 1, 1, 1, 1, 1, 1, 1, 1, 1, 1, 1, 1, 1, 1, 1, 1, 1, 1, 1, -1, -1, -1, -1, -1, -1, -1, -1, -1, -1, -1, -1, -1, -1, -1]
2 [-1, -1]
26 [2, 2, 1, 1, 1, 1, 1, 1, 1, 1, 1, 1, 1, 1, 1, 1, 1, -1, -1, -1, -1, -1, -1, -1]
3 [-1, -1, -1]
8 [1, 1, 1, 1, -1, -1, -1, -1]
2 [1, -1]
2 [-1, -1]
2 [1, -1]
2 [1, -1]
3 [1, 1, -1]
5 [1, 1, 1, -1, -1]
3 [1, -1, -1]
2 [-1, -1]
4 [1, 1, 1, 1]
29 [6, 3, 2, 2, 1, 1, 1, 1, 1, 1, 1, 1, 1, -1, -1, -1, -1, -1, -1, -1]
2 [1, 1]
6 [1, -1, -1, -1, -1, -1]
4 [1, 1, -1, -1]
3 [1, -1, -1]
16 [14, 1, 1]
6 [2, 1, 1, -1, -1]
2 [-1, -1]
56 [7, 2, 2, 2, 2, 1, 1, 1, 1, 1, 1, 1, 1, 1, 1, 1, 1, 1, 1, 1, 1, 1, 1, 1, 1, -1, -1, -1, -1, -1, -1, -1, -1, -1, -1, -1, -1, -1, -1, -1, -1, -1, -1, -1, -1, -1]
7 [1, 1, 1, 1, 1, -1, -1]
3 [1, 1, -1]
3 [-1, -1, -1]
5 [2, 1, 1, -1]
2 [1, -1]
3 [1, 1, 1]
2 [1, 1]
4 [3, -1]
69 [1, 1, 1, 1, 1, 1, 1, 1, 1, 1, 1, 1, 1, 1, 1, 1, 1, 1, 1, 1, 1, 1, 1, 1, 1, 1, 1, 1, 1, 1, 1, 1, 1, 1, 1, 1, -1, -1, -1, -1, -1, -1, -1, -1, -1, -1, -1, -1, -1, -1, -1, -1, -1, -1, -1, -1, -1, -1, -1, -1, -1, -1, -1, -1, -1, -1, -1, -1, -1]
5 [1, 1, 1, -1, -1]
2 [-1, -1]
68 [15, 13, 3, 3, 2, 1, 1, 1, 1, 1, 1, 1, 1, 1, 1, 1, 1, 1, 1, 1, 1, 1, 1, 1, 1, -1, -1, -1, -1, -1, -1, -1, -1, -1, -1, -1, -1]
3 [1, 1, -1]
23 [13, 3, 1, 1, 1, 1, 1, 1, -1]
