755 [697, 57, 1]
1533 [1525, 2, 1, 1, 1, 1, 1, 1]
2 [1, -1]
2 [-1, -1]
3 [1, -1, -1]
2 [1, 1]
8 [2, 1, 1, 1, 1, -1, -1]
28 [27, 1]
12 [5, 3, 1, 1, 1, 1]
2 [-1, -1]
2 [1, 1]
5 [1, 1, 1, 1, -1]
49 [12, 3, 2, 2, 1, 1, 1, 1, 1, 1, 1, 1, 1, 1, 1, 1, 1, 1, 1, 1, 1, 1, 1, -1, -1, -1, -1, -1, -1, -1, -1, -1, -1, -1]
6 [3, 1, 1, -1]
2 [1, -1]
2 [1, 1]
2 [-1, -1]
3 [1, 1, -1]
3 [2, 1]
2 [1, -1]
5 [1, 1, 1, 1, -1]
2 [1, -1]
2 [1, -1]
3 [1, 1, -1]
2 [1, -1]
2 [1, 1]
3 [1, -1, -1]
2 [1, -1]
3 [1, 1, -1]
2 [1, -1]
2 [1, 1]
2 [-1, -1]
27 [3, 1, 1, 1, 1, 1, 1, 1, 1, 1, 1, 1, 1, 1, 1, 1, 1, 1, -1, -1, -1, -1, -1, -1, -1]
7 [1, 1, 1, 1, -1, -1, -1]
2 [1, -1]
2 [1, -1]
2 [1, -1]
3 [1, 1, -1]
2 [1, 1]
2 [1, 1]
3 [1, 1, -1]
2 [1, -1]
2 [1, -1]
3 [1, 1, -1]
2 [1, 1]
3 [-1, -1, -1]
3 [-1, -1, -1]
2 [1, 1]
3 [-1, -1, -1]
2 [1, -1]
2 [1, -1]
7 [2, 1, 1, 1, 1, -1]
3 [1, 1, 1]
2 [1, -1]
2 [1, 1]
9 [3, 1, -1, -1, -1, -1, -1]
2 [-1, -1]
