32 [18, 2, 2, 1, 1, 1, 1, 1, 1, 1, -1, -1, -1]
4 [1, 1, 1, 1]
2 [1, -1]
2 [1, -1]
2 [1, -1]
2 [1, -1]
109 [9, 4, 3, 2, 2, 2, 2, 1, 1, 1, 1, 1, 1, 1, 1, 1, 1, 1, 1, 1, 1, 1, 1, 1, 1, 1, 1, 1, 1, 1, 1, 1, 1, 1, 1, 1, 1, 1, 1, 1, 1, 1, 1, 1, 1, 1, 1, 1, 1, 1, 1, 1, 1, 1, 1, 1, 1, 1, 1, 1, 1, 1, 1, 1, -1, -1, -1, -1, -1, -1, -1, -1, -1, -1, -1, -1, -1, -1, -1, -1, -1, -1, -1, -1, -1, -1, -1, -1, -1, -1, -1, -1]
2 [1, -1]
2 [1, 1]
3 [1, 1, -1]
2 [1, 1]
2 [1, 1]
9 [7, 1, -1]
9 [1, 1, 1, 1, 1, 1, -1, -1, -1]
2 [1, -1]
4 [1, 1, -1, -1]
9 [7, 1, 1]
2 [1, -1]
2 [-1, -1]
3 [1, 1, -1]
3 [2, 1]
2 [-1, -1]
18 [1, 1, 1, 1, 1, 1, 1, 1, 1, 1, 1, -1, -1, -1, -1, -1, -1, -1]
3 [2, -1]
3 [1, 1, 1]
25 [7, 2, 2, 1, 1, 1, 1, 1, 1, 1, 1, -1, -1, -1, -1, -1, -1]
2 [1, 1]
32 [2, 2, 1, 1, 1, 1, 1, 1, 1, 1, 1, 1, 1, 1, 1, 1, 1, -1, -1, -1, -1, -1, -1, -1, -1, -1, -1, -1, -1, -1]
3 [1, -1, -1]
7 [2, 1, 1, 1, -1, -1]
8 [1, 1, 1, 1, -1, -1, -1, -1]
13 [2, 1, 1, 1, 1, 1, 1, -1, -1, -1, -1, -1]
2 [1, 1]
4 [1, 1, -1, -1]
2 [1, 1]
3 [1, 1, -1]
2 [-1, -1]
4 [1, -1, -1, -1]
2 [1, -1]
2 [1, -1]
4 [1, 1, 1, -1]
3 [1, 1, -1]
3 [1, -1, -1]
2 [-1, -1]
2 [1, -1]
83 [2, 2, 1, 1, 1, 1, 1, 1, 1, 1, 1, 1, 1, 1, 1, 1, 1, 1, 1, 1, 1, 1, 1, 1, 1, 1, 1, 1, 1, 1, 1, 1, 1, 1, 1, 1, 1, 1, 1, 1, 1, 1, 1, 1, -1, -1, -1, -1, -1, -1, -1, -1, -1, -1, -1, -1, -1, -1, -1, -1, -1, -1, -1, -1, -1, -1, -1, -1, -1, -1, -1, -1, -1, -1, -1, -1, -1, -1, -1, -1, -1]
2 [-1, -1]
3 [1, 1, -1]
2 [1, -1]
2 [1, 1]
2 [1, 1]
2 [1, 1]
4 [1, 1, 1, -1]
2 [1, -1]
3 [1, 1, 1]
3 [-1, -1, -1]
5 [1, 1, 1, 1, -1]
5 [1, 1, 1, 1, 1]
7 [3, 1, 1, 1, 1]
4 [1, 1, -1, -1]
18 [6, 2, 2, 2, 2, 1, 1, 1, -1]
