4 [1, 1, 1, -1]
36 [35, 1]
2 [1, 1]
3 [1, 1, -1]
3 [1, 1, -1]
2 [1, -1]
3 [1, 1, -1]
2 [1, -1]
6 [1, 1, 1, 1, 1, -1]
2 [1, 1]
2 [1, 1]
2 [1, 1]
4 [1, 1, -1, -1]
2 [1, -1]
2 [1, 1]
3 [1, -1, -1]
2 [1, 1]
3 [1, 1, 1]
2 [1, -1]
2 [1, -1]
13 [7, 2, 2, 1, -1]
3 [1, 1, -1]
2 [1, -1]
2 [1, -1]
2 [-1, -1]
2 [1, -1]
2 [1, -1]
3 [1, -1, -1]
23 [1, 1, 1, 1, 1, 1, 1, 1, 1, 1, 1, 1, 1, 1, 1, 1, 1, -1, -1, -1, -1, -1, -1]
2 [1, 1]
2 [1, -1]
26 [24, 1, -1]
5 [1, 1, 1, -1, -1]
4 [1, 1, 1, 1]
2 [1, 1]
4 [2, 1, 1]
2 [-1, -1]
3 [1, -1, -1]
6 [2, 1, 1, -1, -1]
2 [1, -1]
2 [1, 1]
12 [2, 1, 1, 1, 1, 1, 1, 1, 1, -1, -1]
3 [1, 1, -1]
2 [-1, -1]
41 [37, 1, -1, -1, -1]
2 [1, 1]
819 [810, 2, 1, 1, 1, 1, -1, -1, -1]
2 [1, 1]
2 [1, 1]
2 [1, 1]
3 [1, -1, -1]
14 [8, 3, 1, 1, 1]
7 [2, 2, 2, 1]
2 [1, 1]
2 [1, 1]
2 [1, 1]
19 [2, 1, 1, 1, 1, 1, 1, 1, 1, 1, 1, -1, -1, -1, -1, -1, -1, -1]
2 [-1, -1]
3 [1, -1, -1]
5 [1, 1, 1, -1, -1]
2 [1, -1]
2 [-1, -1]
2 [1, -1]
11 [1, 1, 1, 1, 1, 1, 1, -1, -1, -1, -1]
2 [1, 1]
5 [1, 1, 1, 1, -1]
2 [1, -1]
2 [1, 1]
2 [-1, -1]
2 [1, 1]
2 [1, -1]
