2 [1, 1]
2 [1, -1]
2 [1, 1]
5 [1, 1, 1, -1, -1]
2 [1, 1]
2 [1, 1]
4 [1, 1, 1, 1]
2 [1, 1]
2 [1, -1]
8 [1, 1, 1, 1, 1, 1, -1, -1]
11 [1, 1, 1, 1, 1, -1, -1, -1, -1, -1, -1]
7 [3, 1, 1, 1, -1]
5 [1, 1, -1, -1, -1]
5 [1, 1, 1, 1, -1]
3 [1, 1, -1]
2 [1, -1]
4 [1, 1, -1, -1]
2 [-1, -1]
2 [1, -1]
2 [1, -1]
3 [1, 1, 1]
2 [1, 1]
2 [-1, -1]
2 [1, -1]
2 [1, -1]
2 [1, -1]
3 [1, 1, -1]
2 [1, -1]
4 [1, 1, -1, -1]
3 [-1, -1, -1]
3 [1, 1, -1]
4 [1, -1, -1, -1]
2 [1, -1]
8 [1, 1, 1, 1, 1, -1, -1, -1]
4 [2, 1, 1]
2 [1, -1]
2 [1, 1]
6 [4, 1, 1]
3 [1, 1, -1]
2 [1, -1]
2 [1, 1]
2 [1, -1]
23 [2, 2, 1, 1, 1, 1, 1, 1, 1, 1, -1, -1, -1, -1, -1, -1, -1, -1, -1, -1, -1]
3 [1, 1, -1]
2 [1, 1]
2 [1, -1]
2 [-1, -1]
10 [2, 1, 1, 1, 1, 1, 1, -1, -1]
2 [1, -1]
2 [1, 1]
17 [1, 1, 1, 1, 1, 1, 1, 1, 1, 1, 1, 1, 1, -1, -1, -1, -1]
2 [-1, -1]
14 [3, 1, 1, 1, 1, 1, 1, 1, -1, -1, -1, -1]
2 [1, 1]
2 [1, 1]
3 [1, 1, 1]
51 [2, 2, 1, 1, 1, 1, 1, 1, 1, 1, 1, 1, 1, 1, 1, 1, 1, 1, 1, 1, 1, 1, 1, 1, 1, 1, 1, 1, 1, 1, -1, -1, -1, -1, -1, -1, -1, -1, -1, -1, -1, -1, -1, -1, -1, -1, -1, -1, -1]
3 [1, -1, -1]
4 [3, 1]
3 [2, 1]
4 [1, 1, -1, -1]
4 [1, 1, 1, 1]
3 [1, 1, 1]
3 [1, -1, -1]
2 [-1, -1]
24 [2, 1, 1, 1, 1, 1, 1, 1, 1, 1, 1, 1, 1, 1, 1, 1, -1, -1, -1, -1, -1, -1, -1]
2 [1, -1]
305 [50, 6, 5, 4, 4, 3, 3, 3, 2, 2, 2, 2, 2, 2, 2, 2, 2, 2, 2, 1, 1, 1, 1, 1, 1, 1, 1, 1, 1, 1, 1, 1, 1, 1, 1, 1, 1, 1, 1, 1, 1, 1, 1, 1, 1, 1, 1, 1, 1, 1, 1, 1, 1, 1, 1, 1, 1, 1, 1, 1, 1, 1, 1, 1, 1, 1, 1, 1, 1, 1, 1, 1, 1, 1, 1, 1, 1, 1, 1, 1, 1, 1, 1, 1, 1, 1, 1, 1, 1, 1, 1, 1, 1, 1, 1, 1, 1, 1, 1, 1, 1, 1, 1, 1, 1, 1, 1, 1, 1, 1, 1, 1, 1, 1, 1, 1, 1, 1, 1, 1, 1, 1, 1, 1, 1, 1, 1, 1, 1, 1, 1, 1, 1, 1, 1, -1, -1, -1, -1, -1, -1, -1, -1, -1, -1, -1, -1, -1, -1, -1, -1, -1, -1, -1, -1, -1, -1, -1, -1, -1, -1, -1, -1, -1, -1, -1, -1, -1, -1, -1, -1, -1, -1, -1, -1, -1, -1, -1, -1, -1, -1, -1, -1, -1, -1, -1, -1, -1, -1, -1, -1, -1, -1, -1, -1, -1, -1, -1, -1, -1, -1, -1, -1, -1, -1, -1, -1, -1, -1, -1, -1, -1, -1, -1, -1, -1, -1, -1, -1, -1, -1, -1, -1, -1]
4 [1, 1, 1, -1]
3 [1, 1, 1]
2 [-1, -1]
3 [1, 1, -1]
3 [1, 1, -1]
4 [1, -1, -1, -1]
8 [2, 1, 1, 1, -1, -1, -1]
2 [1, -1]
9 [4, 1, 1, 1, 1, -1]
16 [1, 1, 1, 1, 1, 1, 1, 1, 1, 1, 1, -1, -1, -1, -1, -1]
