8 [7, 1]
2 [1, -1]
4 [1, 1, 1, 1]
5 [4, 1]
2 [1, 1]
2 [1, 1]
3 [2, 1]
2 [1, 1]
2 [1, 1]
3 [1, 1, 1]
3 [1, 1, -1]
2 [1, -1]
2 [1, -1]
5 [1, 1, 1, -1, -1]
3 [1, -1, -1]
37 [13, 2, 1, 1, 1, 1, 1, 1, 1, 1, 1, 1, 1, 1, 1, -1, -1, -1, -1, -1, -1, -1, -1, -1]
2 [1, -1]
22 [9, 2, 1, 1, 1, 1, 1, 1, -1, -1, -1, -1, -1]
19 [5, 5, 2, 1, 1, 1, 1, -1, -1, -1]
2 [1, -1]
7 [1, 1, 1, 1, 1, 1, -1]
3 [1, 1, -1]
3 [2, 1]
10 [3, 1, 1, -1, -1, -1, -1, -1]
4 [1, 1, -1, -1]
2 [1, 1]
26 [15, 5, 2, 1, 1, 1, -1]
8 [1, 1, 1, 1, 1, 1, 1, -1]
2 [1, 1]
2 [1, -1]
7 [1, 1, 1, 1, 1, 1, -1]
12 [1, 1, 1, 1, 1, 1, 1, 1, -1, -1, -1, -1]
2 [1, -1]
2 [1, 1]
3 [2, -1]
9 [8, 1]
2 [1, -1]
3 [1, -1, -1]
2 [1, 1]
2 [1, -1]
3 [1, 1, -1]
6 [5, -1]
3 [1, 1, 1]
2 [1, 1]
2 [1, 1]
2 [1, -1]
2 [1, -1]
2 [1, -1]
2 [1, 1]
2 [1, 1]
5 [1, 1, 1, -1, -1]
2 [1, -1]
2 [1, -1]
15 [1, 1, 1, 1, 1, 1, 1, 1, -1, -1, -1, -1, -1, -1, -1]
2 [1, -1]
3 [1, -1, -1]
2 [1, -1]
2 [1, -1]
2 [1, -1]
2 [1, -1]
7 [1, 1, 1, 1, 1, -1, -1]
3 [2, 1]
2 [1, -1]
2 [1, 1]
2 [1, 1]
2 [1, -1]
3 [2, 1]
12 [1, 1, 1, 1, 1, 1, 1, 1, 1, -1, -1, -1]
3 [-1, -1, -1]
5 [1, 1, -1, -1, -1]
2 [1, -1]
3 [2, -1]
4 [1, 1, -1, -1]
2 [1, 1]
31 [3, 1, 1, 1, 1, 1, 1, 1, 1, 1, 1, 1, 1, 1, 1, 1, 1, 1, 1, 1, 1, -1, -1, -1, -1, -1, -1, -1, -1]
9 [2, 1, 1, 1, 1, 1, -1, -1]
17 [1, 1, 1, 1, 1, 1, 1, 1, 1, 1, -1, -1, -1, -1, -1, -1, -1]
10 [5, 3, 1, 1]
11 [1, 1, 1, 1, 1, 1, 1, 1, 1, -1, -1]
2 [1, -1]
3 [1, 1, -1]
3 [2, -1]
51 [8, 4, 3, 2, 2, 2, 2, 1, 1, 1, 1, 1, 1, 1, 1, 1, 1, 1, 1, 1, 1, 1, 1, 1, 1, 1, 1, 1, 1, 1, -1, -1, -1, -1, -1]
11 [2, 1, 1, 1, 1, 1, 1, -1, -1, -1]
3 [1, 1, -1]
2 [1, -1]
2 [1, -1]
3 [-1, -1, -1]
2 [1, 1]
12 [10, 1, 1]
2 [1, -1]
6 [1, 1, 1, -1, -1, -1]
