6 [1, 1, -1, -1, -1, -1]
4 [1, 1, 1, -1]
133 [10, 5, 5, 4, 2, 2, 2, 2, 2, 2, 1, 1, 1, 1, 1, 1, 1, 1, 1, 1, 1, 1, 1, 1, 1, 1, 1, 1, 1, 1, 1, 1, 1, 1, 1, 1, 1, 1, 1, 1, 1, 1, 1, 1, 1, 1, 1, 1, 1, 1, 1, 1, 1, 1, 1, 1, 1, 1, 1, 1, 1, 1, 1, 1, 1, 1, 1, 1, 1, 1, 1, 1, 1, -1, -1, -1, -1, -1, -1, -1, -1, -1, -1, -1, -1, -1, -1, -1, -1, -1, -1, -1, -1, -1, -1, -1, -1, -1, -1, -1, -1, -1, -1, -1, -1, -1, -1]
4 [3, -1]
2 [1, 1]
9 [6, 2, 1]
17 [14, 2, -1]
2 [1, -1]
5 [1, 1, 1, -1, -1]
4 [1, 1, -1, -1]
3 [1, -1, -1]
3 [1, 1, 1]
6 [5, 1]
2 [1, 1]
2 [1, -1]
14 [3, 2, 2, 1, 1, 1, 1, 1, 1, -1]
2 [1, 1]
32 [4, 4, 2, 1, 1, 1, 1, 1, 1, 1, 1, 1, 1, 1, 1, 1, 1, 1, -1, -1, -1, -1, -1, -1, -1]
