2 [1, -1]
2 [1, -1]
24 [8, 1, 1, 1, 1, 1, 1, 1, 1, -1, -1, -1, -1, -1, -1, -1, -1]
12 [9, 1, 1, -1]
2 [1, 1]
2 [1, -1]
2 [1, -1]
5 [1, 1, 1, -1, -1]
5 [1, 1, -1, -1, -1]
2 [1, -1]
3 [1, -1, -1]
2 [1, 1]
2 [1, -1]
2 [-1, -1]
4 [1, 1, -1, -1]
2 [1, 1]
3 [1, 1, 1]
3 [2, -1]
5 [1, 1, 1, 1, 1]
3 [1, -1, -1]
3 [1, -1, -1]
8 [2, 2, 1, 1, 1, -1]
2 [1, -1]
3 [2, 1]
5 [1, 1, -1, -1, -1]
2 [1, 1]
2 [1, -1]
2 [-1, -1]
2 [1, -1]
2 [-1, -1]
2 [1, -1]
4 [1, 1, 1, 1]
4 [1, -1, -1, -1]
9 [3, 1, 1, -1, -1, -1, -1]
2 [-1, -1]
2 [1, 1]
2 [1, -1]
3 [1, -1, -1]
2 [-1, -1]
2 [1, -1]
3 [2, -1]
2 [1, -1]
2 [1, 1]
2 [1, -1]
3 [2, -1]
2 [1, 1]
5 [1, 1, 1, -1, -1]
7 [1, 1, 1, 1, 1, 1, -1]
2 [-1, -1]
3 [1, 1, -1]
413 [358, 3, 2, 2, 1, 1, 1, 1, 1, 1, 1, 1, 1, 1, 1, 1, 1, 1, 1, 1, 1, 1, 1, 1, 1, 1, 1, 1, 1, 1, 1, 1, 1, 1, 1, -1, -1, -1, -1, -1, -1, -1, -1, -1, -1, -1, -1, -1, -1, -1, -1, -1]
2 [1, 1]
2 [1, -1]
30 [4, 3, 2, 2, 1, 1, 1, 1, 1, 1, 1, 1, 1, 1, 1, 1, 1, 1, -1, -1, -1, -1, -1]
2 [1, 1]
47 [44, 1, 1, -1]
3 [1, -1, -1]
2 [1, -1]
2 [-1, -1]
2 [1, -1]
2 [1, 1]
6 [2, 1, 1, 1, 1]
2 [1, 1]
7 [5, 1, 1]
2 [1, -1]
4 [3, 1]
2 [1, 1]
3 [-1, -1, -1]
2 [1, -1]
2 [-1, -1]
2 [1, -1]
7 [1, 1, 1, 1, -1, -1, -1]
13 [7, 2, 1, 1, 1, 1]
2 [1, -1]
2 [1, -1]
2 [1, 1]
2 [1, 1]
