2 [1, 1]
2 [1, 1]
4 [1, -1, -1, -1]
2 [1, -1]
2 [1, -1]
17 [2, 1, 1, 1, 1, 1, 1, 1, 1, 1, 1, 1, -1, -1, -1, -1]
3 [1, 1, -1]
10 [5, 1, 1, 1, 1, -1]
2 [1, -1]
3 [2, -1]
2 [1, -1]
3 [1, 1, -1]
2 [1, -1]
2 [-1, -1]
16 [2, 2, 1, 1, 1, 1, 1, 1, 1, 1, 1, -1, -1, -1]
2 [1, -1]
2 [1, -1]
2 [1, -1]
2 [-1, -1]
5 [1, 1, 1, -1, -1]
2 [1, -1]
2 [1, -1]
3 [1, 1, -1]
3 [2, 1]
2 [1, -1]
2 [-1, -1]
4 [1, -1, -1, -1]
2 [1, -1]
3 [1, 1, -1]
4 [2, 1, 1]
2 [1, 1]
2 [1, -1]
2 [1, -1]
2 [1, -1]
3 [1, -1, -1]
3 [-1, -1, -1]
2 [1, 1]
3 [-1, -1, -1]
3 [1, -1, -1]
4 [1, 1, -1, -1]
2 [1, 1]
2 [-1, -1]
4 [1, 1, 1, 1]
12 [2, 1, 1, 1, 1, 1, 1, 1, -1, -1, -1]
3 [1, 1, -1]
31 [2, 1, 1, 1, 1, 1, 1, 1, 1, 1, 1, 1, 1, 1, 1, 1, 1, 1, 1, 1, -1, -1, -1, -1, -1, -1, -1, -1, -1, -1]
16 [7, 2, 1, 1, 1, 1, -1, -1, -1]
4 [1, -1, -1, -1]
2 [-1, -1]
336 [11, 11, 8, 5, 3, 3, 3, 3, 2, 2, 2, 2, 2, 2, 2, 2, 2, 2, 2, 2, 2, 2, 1, 1, 1, 1, 1, 1, 1, 1, 1, 1, 1, 1, 1, 1, 1, 1, 1, 1, 1, 1, 1, 1, 1, 1, 1, 1, 1, 1, 1, 1, 1, 1, 1, 1, 1, 1, 1, 1, 1, 1, 1, 1, 1, 1, 1, 1, 1, 1, 1, 1, 1, 1, 1, 1, 1, 1, 1, 1, 1, 1, 1, 1, 1, 1, 1, 1, 1, 1, 1, 1, 1, 1, 1, 1, 1, 1, 1, 1, 1, 1, 1, 1, 1, 1, 1, 1, 1, 1, 1, 1, 1, 1, 1, 1, 1, 1, 1, 1, 1, 1, 1, 1, 1, 1, 1, 1, 1, 1, 1, 1, 1, 1, 1, 1, 1, 1, 1, 1, 1, 1, 1, 1, 1, 1, 1, 1, 1, 1, 1, 1, 1, 1, 1, 1, 1, 1, 1, 1, 1, 1, 1, 1, 1, 1, 1, 1, 1, 1, 1, 1, 1, 1, 1, 1, 1, 1, 1, 1, 1, 1, 1, 1, 1, 1, 1, 1, 1, 1, 1, 1, 1, 1, -1, -1, -1, -1, -1, -1, -1, -1, -1, -1, -1, -1, -1, -1, -1, -1, -1, -1, -1, -1, -1, -1, -1, -1, -1, -1, -1, -1, -1, -1, -1, -1, -1, -1, -1, -1, -1, -1, -1, -1, -1, -1, -1, -1, -1, -1, -1, -1, -1, -1, -1, -1, -1, -1, -1, -1, -1, -1, -1, -1, -1, -1, -1, -1, -1, -1, -1, -1, -1, -1, -1, -1, -1, -1, -1, -1, -1, -1, -1, -1, -1, -1, -1, -1, -1, -1, -1, -1, -1]
16 [3, 3, 1, 1, 1, 1, 1, 1, 1, 1, 1, -1]
4 [1, 1, -1, -1]
2 [1, -1]
2 [-1, -1]
2 [-1, -1]
31 [1, 1, 1, 1, 1, 1, 1, 1, 1, 1, 1, 1, 1, 1, 1, 1, 1, 1, 1, 1, 1, -1, -1, -1, -1, -1, -1, -1, -1, -1, -1]
2 [1, 1]
3 [1, 1, -1]
3 [1, 1, 1]
2 [1, 1]
27 [7, 4, 1, 1, 1, 1, 1, 1, -1, -1, -1, -1, -1, -1, -1, -1, -1, -1]
2 [1, -1]
2 [1, -1]
2 [1, -1]
2 [-1, -1]
2 [1, 1]
2 [1, 1]
2 [1, -1]
2 [-1, -1]
2 [1, -1]
2 [1, 1]
18 [1, 1, 1, 1, 1, 1, 1, 1, 1, 1, 1, -1, -1, -1, -1, -1, -1, -1]
4 [3, 1]
4 [1, 1, -1, -1]
7 [1, -1, -1, -1, -1, -1, -1]
79 [2, 2, 2, 2, 1, 1, 1, 1, 1, 1, 1, 1, 1, 1, 1, 1, 1, 1, 1, 1, 1, 1, 1, 1, 1, 1, 1, 1, 1, 1, 1, 1, 1, 1, 1, 1, 1, 1, 1, 1, 1, 1, -1, -1, -1, -1, -1, -1, -1, -1, -1, -1, -1, -1, -1, -1, -1, -1, -1, -1, -1, -1, -1, -1, -1, -1, -1, -1, -1, -1, -1, -1, -1, -1, -1]
3 [1, 1, -1]
2 [1, 1]
3 [1, 1, -1]
6 [1, 1, 1, 1, 1, -1]
2 [1, -1]
4 [1, 1, 1, -1]
2 [1, -1]
2 [1, -1]
4 [3, 1]
7 [6, 1]
2 [1, -1]
2 [-1, -1]
2 [1, 1]
5 [1, 1, 1, 1, -1]
3 [1, 1, -1]
4 [3, 1]
2 [1, 1]
3 [1, 1, 1]
2 [1, 1]
2 [1, -1]
2 [-1, -1]
127 [30, 5, 3, 3, 2, 2, 2, 2, 2, 2, 2, 1, 1, 1, 1, 1, 1, 1, 1, 1, 1, 1, 1, 1, 1, 1, 1, 1, 1, 1, 1, 1, 1, 1, 1, 1, 1, 1, 1, 1, 1, 1, 1, 1, 1, 1, 1, 1, 1, 1, 1, 1, 1, 1, -1, -1, -1, -1, -1, -1, -1, -1, -1, -1, -1, -1, -1, -1, -1, -1, -1, -1, -1, -1, -1, -1, -1, -1, -1, -1, -1, -1, -1]
7 [2, 1, 1, 1, 1, -1]
