7 [2, 2, 1, -1, -1]
3 [2, 1]
2 [1, -1]
2 [1, -1]
3 [1, 1, -1]
8 [1, 1, 1, 1, 1, 1, 1, 1]
4 [1, 1, 1, 1]
2 [1, 1]
2 [1, 1]
2 [1, -1]
3 [1, 1, -1]
3 [1, 1, -1]
3 [1, 1, -1]
2 [1, -1]
3 [1, 1, -1]
3 [1, 1, 1]
2 [1, -1]
3 [1, -1, -1]
4 [1, 1, 1, -1]
31 [5, 2, 2, 2, 1, 1, 1, 1, 1, 1, 1, 1, 1, 1, 1, 1, 1, 1, -1, -1, -1, -1, -1, -1]
2 [1, -1]
2 [1, -1]
3 [1, -1, -1]
2 [1, -1]
3 [1, -1, -1]
2 [1, 1]
21 [8, 7, 2, 1, -1, -1, -1]
46 [7, 2, 1, 1, 1, 1, 1, 1, 1, 1, 1, 1, 1, 1, 1, 1, 1, 1, 1, 1, 1, 1, 1, 1, 1, 1, -1, -1, -1, -1, -1, -1, -1, -1, -1, -1, -1, -1, -1]
3 [1, 1, 1]
2 [-1, -1]
2 [1, -1]
255 [108, 9, 8, 4, 4, 3, 2, 2, 2, 2, 2, 2, 2, 2, 2, 2, 2, 1, 1, 1, 1, 1, 1, 1, 1, 1, 1, 1, 1, 1, 1, 1, 1, 1, 1, 1, 1, 1, 1, 1, 1, 1, 1, 1, 1, 1, 1, 1, 1, 1, 1, 1, 1, 1, 1, 1, 1, 1, 1, 1, 1, 1, 1, 1, 1, 1, 1, 1, 1, 1, 1, 1, 1, 1, 1, 1, 1, 1, 1, 1, 1, 1, 1, 1, -1, -1, -1, -1, -1, -1, -1, -1, -1, -1, -1, -1, -1, -1, -1, -1, -1, -1, -1, -1, -1, -1, -1, -1, -1, -1, -1, -1, -1, -1]
2 [1, -1]
11 [1, 1, 1, 1, 1, 1, 1, 1, 1, 1, -1]
81 [3, 2, 2, 2, 2, 1, 1, 1, 1, 1, 1, 1, 1, 1, 1, 1, 1, 1, 1, 1, 1, 1, 1, 1, 1, 1, 1, 1, 1, 1, 1, 1, 1, 1, 1, 1, 1, 1, 1, 1, 1, 1, 1, 1, 1, 1, 1, 1, 1, 1, 1, 1, 1, 1, 1, -1, -1, -1, -1, -1, -1, -1, -1, -1, -1, -1, -1, -1, -1, -1, -1, -1, -1, -1, -1]
2 [1, -1]
2 [1, 1]
2 [1, 1]
2 [1, 1]
3 [1, 1, 1]
2 [1, -1]
3 [2, -1]
2 [1, -1]
5 [2, 1, -1, -1]
2 [1, -1]
8 [6, 1, 1]
5 [3, 1, 1]
10 [1, 1, 1, 1, 1, 1, 1, -1, -1, -1]
3 [1, 1, -1]
4 [2, 1, 1]
3 [1, 1, -1]
2 [-1, -1]
2 [1, -1]
3 [1, 1, 1]
3 [1, 1, -1]
2 [1, -1]
3 [2, -1]
5 [1, 1, -1, -1, -1]
3 [1, -1, -1]
3 [1, 1, 1]
2 [-1, -1]
3 [1, 1, -1]
2 [1, -1]
41 [9, 2, 2, 1, 1, 1, 1, 1, 1, 1, 1, 1, 1, 1, 1, 1, 1, -1, -1, -1, -1, -1, -1, -1, -1, -1, -1, -1, -1, -1, -1]
4 [1, 1, 1, -1]
18 [3, 2, 1, 1, 1, -1, -1, -1, -1, -1, -1, -1, -1, -1, -1]
2 [-1, -1]
3 [1, 1, -1]
2 [1, -1]
18 [6, 4, 3, 1, 1, 1, 1, -1]
2 [1, 1]
13 [2, 1, 1, 1, 1, 1, 1, -1, -1, -1, -1, -1]
2 [1, 1]
3 [2, 1]
10 [1, 1, 1, 1, 1, 1, 1, -1, -1, -1]
9 [1, 1, 1, 1, 1, 1, 1, -1, -1]
11 [1, 1, 1, 1, 1, 1, 1, -1, -1, -1, -1]
2 [1, -1]
2 [1, 1]
15 [2, 2, 1, 1, 1, 1, 1, 1, 1, 1, 1, -1, -1]
3 [1, 1, -1]
2 [1, -1]
