13 [2, 2, 1, 1, 1, 1, 1, 1, 1, 1, -1]
10 [1, 1, 1, 1, 1, 1, 1, -1, -1, -1]
2 [1, 1]
2 [1, 1]
2 [1, -1]
17 [3, 3, 2, 1, 1, 1, 1, 1, 1, -1, -1, -1]
6 [1, 1, -1, -1, -1, -1]
3 [1, -1, -1]
3 [1, -1, -1]
6 [3, 1, -1, -1]
6 [1, 1, 1, -1, -1, -1]
2 [1, -1]
8 [1, 1, 1, 1, 1, 1, -1, -1]
3 [2, -1]
3 [1, 1, -1]
6 [4, 2]
2 [1, 1]
4 [3, -1]
8 [2, 1, 1, 1, 1, 1, -1]
3 [1, -1, -1]
4 [1, -1, -1, -1]
2 [1, -1]
2 [1, -1]
2 [-1, -1]
2 [1, 1]
3 [1, 1, -1]
3 [1, 1, 1]
2 [1, -1]
189 [188, -1]
7 [1, 1, 1, 1, 1, -1, -1]
2 [1, -1]
2 [-1, -1]
4 [1, 1, 1, 1]
2 [-1, -1]
3 [1, 1, 1]
4 [1, 1, 1, -1]
