13 [4, 2, 1, 1, -1, -1, -1, -1, -1]
49 [17, 9, 9, 7, 1, 1, 1, 1, 1, 1, 1]
3 [2, -1]
3 [2, 1]
4 [1, -1, -1, -1]
2 [1, 1]
2 [1, 1]
3 [2, 1]
15 [1, 1, 1, 1, 1, 1, 1, 1, 1, 1, 1, 1, -1, -1, -1]
2 [1, 1]
2 [-1, -1]
4 [1, 1, 1, -1]
2 [-1, -1]
4 [1, 1, -1, -1]
2 [1, -1]
2 [1, -1]
2 [1, 1]
2 [1, -1]
2 [1, -1]
11 [1, 1, 1, 1, 1, 1, 1, 1, 1, -1, -1]
2 [1, -1]
92 [73, 7, 3, 3, 2, 2, 1, 1]
2 [1, -1]
8 [3, 2, 1, -1, -1]
2 [1, -1]
2 [1, 1]
6 [1, 1, 1, -1, -1, -1]
4 [1, 1, 1, -1]
9 [1, 1, 1, 1, 1, -1, -1, -1, -1]
26 [18, 5, 1, -1, -1]
21 [2, 2, 1, 1, 1, 1, 1, 1, 1, 1, 1, 1, 1, 1, -1, -1, -1, -1, -1]
4 [2, -1, -1]
2 [1, -1]
2 [1, 1]
2 [1, 1]
11 [10, 1]
3 [1, 1, -1]
6 [2, 1, 1, 1, 1]
2 [1, -1]
3 [1, -1, -1]
3 [1, -1, -1]
2 [1, -1]
5 [1, 1, -1, -1, -1]
3 [2, 1]
2 [1, -1]
3 [1, -1, -1]
2 [1, -1]
13 [4, 1, 1, -1, -1, -1, -1, -1, -1, -1]
2 [-1, -1]
2 [1, 1]
2 [1, -1]
2 [1, -1]
9 [2, 1, 1, 1, 1, -1, -1, -1]
2 [1, 1]
2 [1, -1]
2 [1, 1]
4 [1, 1, 1, -1]
15 [1, 1, 1, 1, 1, 1, 1, 1, 1, -1, -1, -1, -1, -1, -1]
3 [1, -1, -1]
2 [1, -1]
2 [1, 1]
10 [1, 1, 1, 1, 1, 1, 1, -1, -1, -1]
2 [1, -1]
2 [1, 1]
3 [1, -1, -1]
108 [65, 5, 4, 3, 2, 2, 2, 2, 2, 1, 1, 1, 1, 1, 1, 1, 1, 1, 1, 1, 1, -1, -1, -1, -1, -1, -1, -1, -1, -1]
129 [11, 4, 2, 2, 1, 1, 1, 1, 1, 1, 1, 1, 1, 1, 1, 1, 1, 1, 1, 1, 1, 1, 1, 1, 1, 1, 1, 1, 1, 1, 1, 1, 1, 1, 1, 1, 1, 1, 1, 1, 1, 1, 1, 1, 1, 1, 1, 1, 1, 1, 1, 1, 1, 1, 1, 1, 1, 1, 1, 1, 1, 1, 1, 1, 1, -1, -1, -1, -1, -1, -1, -1, -1, -1, -1, -1, -1, -1, -1, -1, -1, -1, -1, -1, -1, -1, -1, -1, -1, -1, -1, -1, -1, -1, -1, -1, -1, -1, -1, -1, -1, -1, -1, -1, -1, -1, -1, -1, -1, -1, -1, -1, -1, -1]
9 [7, 1, 1]
2 [1, -1]
2 [1, -1]
5 [4, -1]
2 [1, -1]
17 [2, 1, 1, 1, 1, 1, 1, 1, -1, -1, -1, -1, -1, -1, -1, -1]
2 [1, -1]
13 [2, 1, 1, 1, 1, 1, 1, 1, 1, -1, -1, -1]
2 [1, -1]
2 [1, -1]
4 [1, 1, 1, -1]
138 [9, 7, 5, 5, 4, 4, 4, 3, 3, 2, 2, 2, 2, 2, 2, 1, 1, 1, 1, 1, 1, 1, 1, 1, 1, 1, 1, 1, 1, 1, 1, 1, 1, 1, 1, 1, 1, 1, 1, 1, 1, 1, 1, 1, 1, 1, 1, 1, 1, 1, 1, 1, 1, 1, 1, 1, 1, 1, 1, 1, -1, -1, -1, -1, -1, -1, -1, -1, -1, -1, -1, -1, -1, -1, -1, -1, -1, -1, -1, -1, -1, -1, -1, -1, -1, -1, -1, -1, -1, -1, -1, -1, -1, -1, -1, -1, -1]
6 [5, -1]
23 [2, 1, 1, 1, 1, 1, 1, 1, 1, 1, 1, 1, 1, 1, 1, 1, -1, -1, -1, -1, -1, -1]
4 [1, 1, 1, 1]
5 [1, 1, 1, 1, -1]
24 [4, 1, 1, 1, 1, 1, 1, 1, 1, 1, 1, -1, -1, -1, -1, -1, -1, -1, -1, -1, -1]
2 [1, 1]
2 [1, -1]
2 [1, 1]
2 [1, 1]
5 [1, 1, 1, -1, -1]
2 [1, 1]
3 [2, 1]
4 [1, 1, 1, -1]
2 [1, -1]
3 [2, 1]
