5 [1, 1, -1, -1, -1]
2 [1, 1]
4 [1, 1, -1, -1]
3 [1, 1, 1]
2 [-1, -1]
2 [1, 1]
3 [1, 1, 1]
2 [-1, -1]
3 [1, 1, 1]
2 [1, -1]
4 [1, 1, 1, -1]
3 [1, 1, -1]
10 [1, 1, 1, 1, -1, -1, -1, -1, -1, -1]
28 [21, 2, 1, 1, 1, -1, -1]
2 [1, 1]
2 [1, -1]
2 [1, -1]
195 [194, -1]
10 [1, 1, 1, 1, 1, 1, 1, -1, -1, -1]
2 [1, 1]
2 [-1, -1]
10 [4, 1, 1, 1, 1, 1, -1]
6 [1, 1, 1, 1, -1, -1]
2 [1, 1]
2 [1, 1]
6 [2, 1, 1, 1, -1]
2 [1, -1]
6 [2, 1, 1, 1, -1]
39 [30, 6, 1, 1, -1]
2 [-1, -1]
5 [4, 1]
2 [1, -1]
6 [5, 1]
21 [2, 1, 1, 1, 1, 1, 1, 1, 1, 1, 1, 1, 1, 1, 1, 1, -1, -1, -1, -1]
2 [1, -1]
41 [19, 3, 2, 1, 1, 1, 1, 1, 1, 1, 1, 1, 1, -1, -1, -1, -1, -1, -1, -1]
2 [1, 1]
2 [1, -1]
3 [1, 1, 1]
8 [2, 1, 1, 1, 1, 1, -1]
2 [1, -1]
5 [1, 1, 1, -1, -1]
11 [10, 1]
4 [3, 1]
4 [1, 1, -1, -1]
2 [1, -1]
3 [1, 1, -1]
75 [5, 4, 3, 2, 2, 2, 1, 1, 1, 1, 1, 1, 1, 1, 1, 1, 1, 1, 1, 1, 1, 1, 1, 1, 1, 1, 1, 1, 1, 1, 1, 1, 1, 1, 1, 1, 1, 1, 1, 1, 1, 1, 1, 1, 1, 1, -1, -1, -1, -1, -1, -1, -1, -1, -1, -1, -1, -1, -1, -1, -1, -1, -1]
2 [1, -1]
3 [1, 1, -1]
2 [1, -1]
3 [1, 1, 1]
2 [1, -1]
2 [-1, -1]
7 [1, 1, 1, 1, -1, -1, -1]
6 [1, 1, 1, 1, 1, -1]
2 [1, -1]
36 [3, 1, 1, 1, 1, 1, 1, 1, 1, 1, 1, 1, 1, 1, 1, 1, 1, 1, 1, 1, 1, 1, 1, -1, -1, -1, -1, -1, -1, -1, -1, -1, -1, -1]
7 [5, 2]
5 [4, -1]
8 [3, 2, 1, 1, -1]
6 [5, 1]
7 [2, 1, 1, 1, 1, 1]
2 [1, 1]
3 [1, 1, 1]
2 [1, -1]
3 [1, 1, 1]
2 [1, -1]
401 [290, 9, 3, 2, 2, 2, 2, 2, 1, 1, 1, 1, 1, 1, 1, 1, 1, 1, 1, 1, 1, 1, 1, 1, 1, 1, 1, 1, 1, 1, 1, 1, 1, 1, 1, 1, 1, 1, 1, 1, 1, 1, 1, 1, 1, 1, 1, 1, 1, 1, 1, 1, 1, 1, 1, 1, 1, 1, 1, 1, 1, 1, 1, 1, 1, 1, 1, 1, 1, -1, -1, -1, -1, -1, -1, -1, -1, -1, -1, -1, -1, -1, -1, -1, -1, -1, -1, -1, -1, -1, -1, -1, -1, -1, -1, -1, -1]
22 [1, 1, 1, 1, 1, 1, 1, 1, 1, 1, 1, -1, -1, -1, -1, -1, -1, -1, -1, -1, -1, -1]
11 [2, 1, 1, 1, 1, 1, 1, 1, -1, -1]
