1936 [1935, -1]
31 [3, 2, 1, 1, 1, 1, 1, 1, 1, 1, 1, 1, 1, 1, 1, -1, -1, -1, -1, -1, -1, -1, -1, -1, -1, -1, -1, -1]
2 [-1, -1]
3 [1, 1, 1]
9 [1, 1, 1, 1, 1, 1, -1, -1, -1]
2 [-1, -1]
2 [1, 1]
3 [1, 1, -1]
3 [2, 1]
19 [2, 2, 1, 1, 1, 1, 1, 1, 1, 1, 1, 1, 1, 1, -1, -1, -1]
2 [1, 1]
2 [1, 1]
2 [1, 1]
2 [-1, -1]
2 [1, 1]
4 [1, 1, -1, -1]
2 [1, 1]
2 [1, -1]
2 [1, -1]
6 [4, 1, -1]
3 [1, 1, -1]
3 [1, 1, 1]
2 [1, 1]
22 [3, 2, 1, 1, 1, 1, 1, 1, 1, 1, 1, 1, -1, -1, -1, -1, -1, -1, -1]
12 [2, 2, 1, 1, 1, 1, 1, -1, -1, -1]
2 [1, -1]
5 [4, -1]
2 [1, -1]
2 [1, -1]
7 [1, 1, 1, 1, -1, -1, -1]
2 [1, 1]
2 [1, -1]
105 [83, 5, 3, 1, 1, 1, 1, 1, 1, 1, 1, 1, 1, 1, 1, -1, -1]
2 [1, 1]
2 [1, -1]
10 [2, 1, -1, -1, -1, -1, -1, -1, -1]
4 [2, 1, 1]
2 [1, -1]
65 [38, 2, 1, 1, 1, 1, 1, 1, 1, 1, 1, 1, 1, 1, -1, -1, -1, -1, -1, -1, -1, -1, -1, -1, -1, -1, -1]
2 [1, -1]
6 [1, 1, 1, 1, -1, -1]
2 [1, -1]
4 [1, 1, 1, -1]
2 [1, -1]
6 [4, 1, 1]
2 [1, -1]
4 [1, 1, 1, -1]
11 [1, 1, 1, 1, 1, 1, 1, -1, -1, -1, -1]
3 [2, -1]
