2 [1, -1]
17 [1, 1, 1, 1, 1, 1, 1, 1, 1, 1, 1, 1, 1, 1, -1, -1, -1]
12 [1, 1, 1, 1, 1, 1, 1, -1, -1, -1, -1, -1]
2 [1, 1]
2 [-1, -1]
17 [4, 4, 2, 2, 2, 1, 1, -1]
2 [-1, -1]
2 [1, -1]
2 [1, -1]
22 [2, 1, 1, 1, 1, 1, 1, 1, 1, 1, 1, 1, 1, -1, -1, -1, -1, -1, -1, -1, -1]
3 [1, 1, -1]
2 [1, 1]
2 [1, 1]
117 [31, 20, 5, 4, 4, 4, 3, 3, 3, 3, 2, 2, 1, 1, 1, 1, 1, 1, 1, 1, 1, 1, 1, 1, 1, 1, 1, 1, 1, 1, 1, 1, 1, 1, 1, -1, -1, -1, -1, -1, -1, -1, -1, -1, -1]
2 [-1, -1]
2 [1, -1]
2 [-1, -1]
3 [1, -1, -1]
2 [-1, -1]
4 [1, 1, 1, -1]
2 [1, -1]
2 [1, -1]
2 [1, 1]
7 [2, 1, 1, 1, 1, 1]
4 [1, 1, -1, -1]
14 [2, 1, 1, 1, 1, 1, 1, 1, 1, 1, 1, 1, -1]
2 [1, 1]
2 [1, -1]
2 [1, -1]
2 [-1, -1]
89 [34, 8, 6, 3, 3, 2, 1, 1, 1, 1, 1, 1, 1, 1, 1, 1, 1, 1, 1, 1, 1, 1, 1, 1, -1, -1, -1, -1, -1, -1, -1, -1, -1, -1, -1, -1, -1, -1, -1]
17 [2, 2, 2, 1, 1, 1, 1, 1, 1, 1, 1, -1, -1, -1]
12 [5, 1, 1, 1, 1, 1, 1, -1]
3 [1, 1, -1]
7 [3, 2, 1, 1]
9 [8, 1]
15 [1, 1, 1, 1, 1, 1, 1, 1, 1, 1, 1, 1, 1, -1, -1]
4 [1, 1, 1, -1]
6 [2, 1, 1, 1, 1]
2 [1, 1]
2 [1, 1]
2 [1, 1]
2 [1, 1]
2 [1, -1]
84 [7, 5, 2, 2, 2, 2, 2, 1, 1, 1, 1, 1, 1, 1, 1, 1, 1, 1, 1, 1, 1, 1, 1, 1, 1, 1, 1, 1, 1, 1, 1, 1, 1, 1, 1, 1, 1, 1, 1, 1, 1, 1, 1, 1, 1, 1, 1, 1, 1, 1, 1, 1, -1, -1, -1, -1, -1, -1, -1, -1, -1, -1, -1, -1, -1, -1, -1, -1, -1]
2 [1, -1]
6 [1, 1, 1, 1, 1, -1]
71 [2, 2, 2, 2, 1, 1, 1, 1, 1, 1, 1, 1, 1, 1, 1, 1, 1, 1, 1, 1, 1, 1, 1, 1, 1, 1, 1, 1, 1, 1, 1, 1, 1, 1, 1, 1, 1, 1, 1, 1, 1, -1, -1, -1, -1, -1, -1, -1, -1, -1, -1, -1, -1, -1, -1, -1, -1, -1, -1, -1, -1, -1, -1, -1, -1, -1, -1]
10 [2, 1, 1, 1, 1, 1, -1, -1, -1]
3 [2, 1]
7 [6, 1]
8 [1, 1, 1, 1, 1, -1, -1, -1]
2 [1, 1]
2 [1, -1]
6 [2, 2, -1, -1]
14 [5, 2, 1, 1, 1, 1, 1, 1, -1]
481 [348, 133]
3 [1, -1, -1]
2 [1, -1]
6 [5, -1]
2 [1, -1]
10 [2, 1, 1, 1, 1, -1, -1, -1, -1]
2 [1, -1]
8 [2, 1, 1, 1, 1, 1, -1]
3 [1, 1, -1]
2 [1, 1]
4 [1, 1, -1, -1]
4 [1, 1, -1, -1]
2 [-1, -1]
2 [-1, -1]
16 [8, 6, 1, -1]
3 [1, -1, -1]
2 [1, 1]
2 [1, -1]
3 [2, -1]
