3 [1, 1, 1]
3 [2, 1]
2 [1, -1]
2 [-1, -1]
3 [1, 1, -1]
2 [1, 1]
2 [-1, -1]
4 [2, 1, -1]
2 [-1, -1]
3 [1, 1, 1]
2 [1, 1]
2 [1, -1]
10 [8, -1, -1]
12 [1, 1, 1, 1, 1, 1, 1, -1, -1, -1, -1, -1]
19 [1, 1, 1, 1, 1, 1, 1, 1, 1, 1, -1, -1, -1, -1, -1, -1, -1, -1, -1]
3 [1, 1, -1]
4 [3, 1]
2 [1, 1]
3 [1, 1, -1]
2 [1, -1]
2 [-1, -1]
12 [1, 1, 1, 1, 1, 1, 1, -1, -1, -1, -1, -1]
2 [1, 1]
2 [-1, -1]
2 [1, -1]
5 [1, 1, 1, 1, 1]
2 [1, 1]
4 [2, 1, -1]
3 [1, -1, -1]
2 [-1, -1]
5 [2, 2, -1]
3 [1, 1, 1]
7 [1, 1, 1, 1, 1, 1, 1]
2 [1, -1]
2 [1, 1]
152 [58, 19, 8, 2, 2, 2, 1, 1, 1, 1, 1, 1, 1, 1, 1, 1, 1, 1, 1, 1, 1, 1, 1, 1, 1, 1, 1, 1, 1, 1, 1, 1, 1, 1, 1, 1, 1, 1, 1, 1, 1, 1, 1, 1, 1, 1, 1, 1, 1, 1, 1, -1, -1, -1, -1, -1, -1, -1, -1, -1, -1, -1, -1, -1, -1, -1, -1]
2 [1, -1]
3 [1, 1, 1]
105 [12, 5, 4, 2, 2, 2, 1, 1, 1, 1, 1, 1, 1, 1, 1, 1, 1, 1, 1, 1, 1, 1, 1, 1, 1, 1, 1, 1, 1, 1, 1, 1, 1, 1, 1, 1, 1, 1, 1, 1, 1, 1, 1, 1, 1, 1, 1, 1, 1, 1, 1, 1, 1, 1, 1, 1, 1, 1, 1, -1, -1, -1, -1, -1, -1, -1, -1, -1, -1, -1, -1, -1, -1, -1, -1, -1, -1, -1, -1, -1, -1, -1, -1, -1]
12 [9, 1, 1, 1]
4 [2, 1, -1]
2 [1, -1]
2 [1, 1]
4 [1, 1, 1, 1]
2 [1, -1]
23 [12, 4, 3, 1, 1, 1, -1]
44 [38, 1, 1, -1, -1, -1, -1]
4 [1, 1, 1, 1]
9 [4, 2, 1, 1, -1]
18 [15, 1, 1, -1]
385 [342, 3, 3, 2, 2, 2, 1, 1, 1, 1, 1, 1, 1, 1, 1, 1, 1, 1, 1, 1, 1, 1, 1, 1, 1, 1, 1, 1, -1, -1, -1, -1, -1, -1, -1, -1, -1]
2 [1, -1]
2 [1, -1]
