106 [19, 12, 9, 7, 6, 6, 5, 3, 2, 2, 2, 1, 1, 1, 1, 1, 1, 1, 1, 1, 1, 1, 1, 1, 1, 1, 1, 1, 1, 1, 1, 1, 1, 1, 1, -1, -1, -1, -1, -1, -1, -1, -1, -1]
2 [1, 1]
15 [3, 2, 1, 1, 1, 1, 1, 1, 1, 1, -1, -1]
2 [1, 1]
2 [1, -1]
533 [58, 13, 9, 8, 8, 8, 8, 8, 8, 6, 4, 3, 3, 3, 3, 3, 3, 3, 3, 3, 2, 2, 2, 2, 2, 2, 2, 2, 2, 2, 2, 2, 2, 2, 2, 2, 2, 1, 1, 1, 1, 1, 1, 1, 1, 1, 1, 1, 1, 1, 1, 1, 1, 1, 1, 1, 1, 1, 1, 1, 1, 1, 1, 1, 1, 1, 1, 1, 1, 1, 1, 1, 1, 1, 1, 1, 1, 1, 1, 1, 1, 1, 1, 1, 1, 1, 1, 1, 1, 1, 1, 1, 1, 1, 1, 1, 1, 1, 1, 1, 1, 1, 1, 1, 1, 1, 1, 1, 1, 1, 1, 1, 1, 1, 1, 1, 1, 1, 1, 1, 1, 1, 1, 1, 1, 1, 1, 1, 1, 1, 1, 1, 1, 1, 1, 1, 1, 1, 1, 1, 1, 1, 1, 1, 1, 1, 1, 1, 1, 1, 1, 1, 1, 1, 1, 1, 1, 1, 1, 1, 1, 1, 1, 1, 1, 1, 1, 1, 1, 1, 1, 1, 1, 1, 1, 1, 1, 1, 1, 1, 1, 1, 1, 1, 1, 1, 1, 1, 1, 1, 1, 1, 1, 1, 1, 1, 1, 1, 1, 1, 1, 1, 1, 1, 1, 1, 1, 1, 1, 1, 1, 1, 1, 1, 1, 1, 1, 1, 1, 1, 1, 1, 1, 1, 1, 1, 1, 1, 1, 1, 1, 1, 1, 1, 1, 1, 1, 1, 1, 1, 1, 1, 1, 1, 1, 1, 1, 1, 1, 1, 1, 1, 1, 1, 1, 1, 1, 1, 1, 1, 1, 1, -1, -1, -1, -1, -1, -1, -1, -1, -1, -1, -1, -1, -1, -1, -1, -1, -1, -1, -1, -1, -1, -1, -1, -1, -1, -1, -1, -1, -1, -1, -1, -1, -1, -1, -1, -1, -1, -1, -1, -1, -1, -1, -1, -1, -1, -1, -1, -1, -1, -1, -1, -1, -1, -1, -1, -1, -1, -1, -1, -1, -1, -1, -1, -1, -1, -1, -1, -1, -1, -1, -1, -1, -1, -1, -1, -1, -1, -1, -1, -1, -1, -1, -1, -1, -1, -1, -1, -1, -1, -1, -1, -1, -1, -1, -1, -1, -1, -1, -1, -1, -1, -1, -1, -1, -1, -1, -1, -1, -1]
7 [1, 1, 1, 1, 1, 1, -1]
2 [1, -1]
5 [4, 1]
4 [1, 1, 1, 1]
5 [1, 1, 1, -1, -1]
5 [1, 1, -1, -1, -1]
4 [-1, -1, -1, -1]
9 [1, 1, 1, 1, 1, -1, -1, -1, -1]
2 [1, -1]
3 [1, 1, -1]
2 [1, -1]
2 [1, 1]
2 [1, -1]
2 [1, -1]
2 [-1, -1]
6 [2, 2, 1, 1]
3 [1, 1, 1]
14 [5, 4, 1, 1, 1, 1, 1]
4 [2, 1, -1]
5 [2, 1, 1, -1]
2 [1, -1]
3 [1, 1, -1]
2 [-1, -1]
3 [1, 1, 1]
6 [1, 1, 1, 1, 1, -1]
3 [1, 1, 1]
2 [1, -1]
2 [-1, -1]
2 [1, 1]
2 [1, -1]
21 [4, 1, 1, 1, 1, 1, 1, 1, 1, 1, 1, 1, 1, -1, -1, -1, -1, -1]
2 [1, 1]
4 [1, 1, 1, -1]
3 [1, -1, -1]
11 [2, 1, 1, 1, 1, 1, 1, 1, 1, -1]
2 [-1, -1]
2 [1, -1]
2 [1, -1]
6 [1, 1, 1, 1, -1, -1]
2 [1, -1]
3 [-1, -1, -1]
2 [1, 1]
2 [-1, -1]
11 [8, 1, -1, -1]
2 [1, -1]
3 [1, 1, -1]
2 [1, 1]
2 [1, 1]
2 [1, 1]
2 [-1, -1]
3 [1, 1, -1]
6 [1, 1, 1, -1, -1, -1]
2 [1, -1]
2 [1, -1]
2 [-1, -1]
2 [1, -1]
2 [-1, -1]
51 [2, 2, 2, 1, 1, 1, 1, 1, 1, 1, 1, 1, 1, 1, 1, 1, 1, 1, 1, 1, 1, 1, 1, 1, 1, 1, -1, -1, -1, -1, -1, -1, -1, -1, -1, -1, -1, -1, -1, -1, -1, -1, -1, -1, -1, -1, -1, -1]
2 [1, 1]
180 [5, 3, 3, 3, 3, 2, 2, 2, 2, 2, 2, 2, 2, 2, 2, 1, 1, 1, 1, 1, 1, 1, 1, 1, 1, 1, 1, 1, 1, 1, 1, 1, 1, 1, 1, 1, 1, 1, 1, 1, 1, 1, 1, 1, 1, 1, 1, 1, 1, 1, 1, 1, 1, 1, 1, 1, 1, 1, 1, 1, 1, 1, 1, 1, 1, 1, 1, 1, 1, 1, 1, 1, 1, 1, 1, 1, 1, 1, 1, 1, 1, 1, 1, 1, 1, 1, 1, 1, 1, 1, 1, 1, 1, 1, 1, 1, 1, 1, 1, 1, 1, 1, 1, 1, 1, 1, 1, -1, -1, -1, -1, -1, -1, -1, -1, -1, -1, -1, -1, -1, -1, -1, -1, -1, -1, -1, -1, -1, -1, -1, -1, -1, -1, -1, -1, -1, -1, -1, -1, -1, -1, -1, -1, -1, -1, -1, -1, -1, -1, -1, -1, -1, -1, -1, -1, -1, -1, -1]
2 [1, 1]
2 [1, 1]
4 [1, 1, -1, -1]
2 [-1, -1]
2 [-1, -1]
2 [1, -1]
3 [1, 1, 1]
7 [1, 1, 1, 1, -1, -1, -1]
2 [1, -1]
14 [4, 2, 1, 1, 1, 1, -1, -1, -1, -1]
