2 [1, -1]
3 [2, -1]
6 [1, 1, 1, 1, -1, -1]
3 [1, -1, -1]
2 [-1, -1]
25 [2, 1, 1, 1, 1, 1, 1, 1, 1, 1, 1, 1, 1, 1, 1, -1, -1, -1, -1, -1, -1, -1, -1, -1]
2 [1, -1]
2 [1, -1]
2 [1, -1]
2 [1, -1]
2 [1, 1]
2 [1, 1]
2 [1, -1]
2 [1, -1]
6 [1, 1, 1, -1, -1, -1]
2 [1, -1]
3 [1, -1, -1]
4 [2, 1, 1]
2 [1, -1]
2 [1, 1]
2 [1, -1]
2 [1, 1]
2 [1, -1]
2 [-1, -1]
4 [1, 1, 1, -1]
2 [1, 1]
3 [1, 1, -1]
8 [2, 1, 1, 1, -1, -1, -1]
3 [1, -1, -1]
3 [1, 1, 1]
2 [1, 1]
4 [1, 1, 1, 1]
312 [12, 8, 7, 6, 5, 4, 3, 3, 3, 2, 2, 2, 2, 2, 2, 2, 2, 2, 2, 2, 2, 2, 2, 2, 2, 1, 1, 1, 1, 1, 1, 1, 1, 1, 1, 1, 1, 1, 1, 1, 1, 1, 1, 1, 1, 1, 1, 1, 1, 1, 1, 1, 1, 1, 1, 1, 1, 1, 1, 1, 1, 1, 1, 1, 1, 1, 1, 1, 1, 1, 1, 1, 1, 1, 1, 1, 1, 1, 1, 1, 1, 1, 1, 1, 1, 1, 1, 1, 1, 1, 1, 1, 1, 1, 1, 1, 1, 1, 1, 1, 1, 1, 1, 1, 1, 1, 1, 1, 1, 1, 1, 1, 1, 1, 1, 1, 1, 1, 1, 1, 1, 1, 1, 1, 1, 1, 1, 1, 1, 1, 1, 1, 1, 1, 1, 1, 1, 1, 1, 1, 1, 1, 1, 1, 1, 1, 1, 1, 1, 1, 1, 1, 1, 1, 1, 1, 1, 1, 1, 1, 1, 1, 1, 1, 1, 1, 1, 1, 1, 1, 1, 1, 1, 1, 1, 1, 1, 1, 1, 1, -1, -1, -1, -1, -1, -1, -1, -1, -1, -1, -1, -1, -1, -1, -1, -1, -1, -1, -1, -1, -1, -1, -1, -1, -1, -1, -1, -1, -1, -1, -1, -1, -1, -1, -1, -1, -1, -1, -1, -1, -1, -1, -1, -1, -1, -1, -1, -1, -1, -1, -1, -1, -1, -1, -1, -1, -1, -1, -1, -1, -1, -1, -1, -1, -1, -1, -1, -1, -1, -1, -1, -1, -1, -1]
2 [-1, -1]
7 [3, 1, 1, 1, -1]
5 [3, 2]
3 [2, 1]
2 [1, 1]
17 [2, 1, 1, 1, 1, 1, 1, 1, 1, 1, 1, 1, 1, 1, -1, -1]
7 [2, 2, 1, 1, 1]
3 [1, 1, -1]
2 [1, -1]
2 [-1, -1]
2 [1, 1]
7 [1, 1, 1, 1, -1, -1, -1]
2 [1, -1]
5 [1, 1, 1, 1, -1]
6 [1, 1, 1, 1, 1, -1]
2 [1, 1]
7 [2, 1, 1, -1, -1, -1]
2 [1, -1]
5 [2, 1, 1, 1]
2 [1, 1]
4 [1, 1, -1, -1]
2 [1, 1]
2 [1, -1]
2 [1, -1]
4 [1, 1, -1, -1]
2 [1, 1]
2 [1, 1]
3 [1, 1, -1]
2 [-1, -1]
3 [1, 1, -1]
5 [3, 1, 1]
5 [1, 1, 1, -1, -1]
2 [1, 1]
16 [3, 2, 2, 1, 1, 1, 1, 1, 1, 1, -1, -1]
2 [1, -1]
4 [1, -1, -1, -1]
23 [2, 1, 1, 1, 1, 1, 1, 1, 1, 1, 1, 1, 1, 1, 1, 1, -1, -1, -1, -1, -1, -1]
2 [1, -1]
13 [11, 1, -1]
29 [1, 1, 1, 1, 1, 1, 1, 1, 1, 1, 1, 1, 1, 1, 1, 1, 1, 1, 1, 1, 1, -1, -1, -1, -1, -1, -1, -1, -1]
4 [3, 1]
8 [7, 1]
4 [2, 1, 1]
2 [1, -1]
9 [3, 1, 1, 1, 1, 1, -1]
7 [1, 1, 1, 1, -1, -1, -1]
9 [1, 1, 1, 1, 1, -1, -1, -1, -1]
2 [1, 1]
3 [1, 1, 1]
12 [2, 1, 1, 1, 1, 1, 1, 1, -1, -1, -1]
13 [1, 1, 1, 1, 1, 1, 1, 1, 1, -1, -1, -1, -1]
2 [1, -1]
6 [3, 2, -1]
8 [1, 1, 1, 1, -1, -1, -1, -1]
2 [1, 1]
7 [2, 1, 1, -1, -1, -1]
2 [1, -1]
2 [-1, -1]
2 [1, -1]
2 [1, -1]
3 [1, 1, -1]
2 [1, -1]
19 [1, 1, 1, 1, 1, 1, 1, 1, 1, 1, 1, 1, 1, 1, -1, -1, -1, -1, -1]
