111 [7, 5, 4, 2, 2, 2, 2, 2, 2, 2, 1, 1, 1, 1, 1, 1, 1, 1, 1, 1, 1, 1, 1, 1, 1, 1, 1, 1, 1, 1, 1, 1, 1, 1, 1, 1, 1, 1, 1, 1, 1, 1, 1, 1, 1, 1, 1, 1, 1, 1, 1, 1, 1, 1, 1, 1, 1, 1, 1, 1, 1, 1, 1, 1, 1, 1, 1, 1, -1, -1, -1, -1, -1, -1, -1, -1, -1, -1, -1, -1, -1, -1, -1, -1, -1, -1, -1, -1, -1, -1, -1]
9 [5, 1, 1, -1, -1]
2 [1, 1]
2 [1, 1]
2 [1, -1]
9 [2, 1, 1, 1, 1, 1, 1, -1]
3 [1, 1, -1]
2 [1, 1]
6 [1, 1, 1, -1, -1, -1]
53 [6, 2, 2, 2, 2, 1, 1, 1, 1, 1, 1, 1, 1, 1, 1, 1, 1, 1, 1, 1, 1, 1, 1, 1, 1, 1, 1, 1, 1, 1, 1, 1, -1, -1, -1, -1, -1, -1, -1, -1, -1, -1, -1, -1]
2 [1, -1]
3 [2, 1]
3 [1, -1, -1]
9 [8, -1]
2 [1, 1]
7 [6, 1]
3 [1, 1, 1]
12 [2, 1, 1, 1, 1, -1, -1, -1, -1, -1, -1]
8 [1, 1, 1, 1, 1, 1, -1, -1]
9 [1, 1, 1, 1, 1, -1, -1, -1, -1]
5 [1, 1, 1, -1, -1]
257 [198, 26, 26, 3, 2, -1, -1]
272 [264, 2, 1, 1, 1, 1, -1, -1]
