14 [2, 1, 1, 1, 1, 1, 1, 1, 1, -1, -1, -1, -1]
12 [9, 1, 1, 1]
2 [1, -1]
2 [1, -1]
2 [-1, -1]
3 [-1, -1, -1]
3 [1, -1, -1]
2 [1, -1]
2 [1, 1]
14 [13, 1]
3 [2, -1]
8 [1, 1, 1, 1, -1, -1, -1, -1]
22 [2, 1, 1, 1, 1, 1, 1, 1, 1, 1, 1, 1, 1, 1, 1, -1, -1, -1, -1, -1, -1]
2 [-1, -1]
2 [1, -1]
3 [1, 1, -1]
2 [1, 1]
2 [1, -1]
7 [1, 1, 1, 1, -1, -1, -1]
2 [-1, -1]
3 [1, -1, -1]
2 [1, 1]
3 [1, 1, -1]
3 [1, -1, -1]
12 [1, 1, 1, 1, 1, 1, 1, 1, -1, -1, -1, -1]
2 [1, -1]
2 [1, 1]
2 [-1, -1]
2 [1, 1]
2 [1, 1]
3 [1, 1, 1]
2 [1, -1]
2 [1, -1]
2 [1, 1]
2 [1, -1]
77 [64, 6, 3, 1, 1, -1, -1]
2 [1, 1]
32 [2, 1, 1, 1, 1, 1, 1, 1, 1, 1, 1, 1, 1, 1, 1, 1, 1, 1, 1, -1, -1, -1, -1, -1, -1, -1, -1, -1, -1, -1, -1]
5 [1, 1, -1, -1, -1]
8 [7, -1]
2 [1, -1]
3 [1, 1, -1]
2 [-1, -1]
3 [1, 1, -1]
2 [1, 1]
2 [-1, -1]
3 [-1, -1, -1]
4 [1, 1, 1, -1]
28 [1, 1, 1, 1, 1, 1, 1, 1, 1, 1, 1, 1, 1, 1, 1, 1, 1, 1, 1, 1, -1, -1, -1, -1, -1, -1, -1, -1]
2 [1, -1]
2 [1, -1]
2 [1, -1]
2 [1, -1]
2 [1, 1]
2 [1, -1]
7 [1, 1, 1, -1, -1, -1, -1]
150 [137, 1, 1, 1, 1, 1, 1, 1, 1, 1, -1, -1, -1, -1]
54 [2, 2, 1, 1, 1, 1, 1, 1, 1, 1, 1, 1, 1, 1, 1, 1, 1, 1, 1, 1, 1, 1, 1, 1, 1, 1, 1, 1, 1, 1, 1, 1, 1, -1, -1, -1, -1, -1, -1, -1, -1, -1, -1, -1, -1, -1, -1, -1, -1, -1, -1, -1]
2 [1, -1]
2 [1, -1]
5 [1, 1, 1, -1, -1]
2 [1, -1]
2 [1, -1]
2 [1, 1]
63 [11, 10, 4, 2, 1, 1, 1, 1, 1, 1, 1, 1, 1, 1, 1, 1, 1, 1, 1, 1, 1, -1, -1, -1, -1, -1, -1, -1, -1, -1, -1, -1, -1, -1, -1, -1, -1, -1, -1, -1]
4 [3, 1]
5 [1, 1, -1, -1, -1]
12 [11, -1]
2 [-1, -1]
130 [16, 5, 3, 3, 2, 2, 2, 2, 1, 1, 1, 1, 1, 1, 1, 1, 1, 1, 1, 1, 1, 1, 1, 1, 1, 1, 1, 1, 1, 1, 1, 1, 1, 1, 1, 1, 1, 1, 1, 1, 1, 1, 1, 1, 1, 1, 1, 1, 1, 1, 1, 1, 1, 1, 1, 1, 1, 1, 1, 1, 1, 1, 1, 1, -1, -1, -1, -1, -1, -1, -1, -1, -1, -1, -1, -1, -1, -1, -1, -1, -1, -1, -1, -1, -1, -1, -1, -1, -1, -1, -1, -1, -1, -1, -1, -1, -1, -1, -1, -1, -1, -1, -1]
