6 [1, 1, 1, 1, -1, -1]
48 [3, 3, 2, 1, 1, 1, 1, 1, 1, 1, 1, 1, 1, 1, 1, 1, 1, 1, 1, 1, 1, 1, 1, 1, 1, 1, 1, 1, -1, -1, -1, -1, -1, -1, -1, -1, -1, -1, -1, -1, -1, -1, -1]
3 [1, 1, -1]
8 [1, 1, 1, 1, 1, -1, -1, -1]
3 [1, 1, -1]
3 [2, -1]
6 [2, 1, 1, 1, -1]
2 [1, -1]
2 [1, -1]
3 [1, 1, 1]
2 [1, -1]
2 [1, -1]
2 [1, -1]
2 [1, -1]
4 [1, 1, -1, -1]
3 [1, 1, -1]
5 [2, 1, 1, -1]
2 [1, 1]
3 [1, -1, -1]
3 [1, 1, 1]
2 [1, -1]
2 [1, -1]
2 [1, -1]
2 [1, -1]
2 [1, -1]
2 [1, 1]
2 [1, 1]
2 [-1, -1]
2 [-1, -1]
2 [-1, -1]
2 [1, -1]
4 [2, 1, 1]
12 [6, 2, 1, 1, 1, -1]
