2 [1, -1]
2 [1, -1]
4 [1, 1, 1, -1]
2 [1, 1]
2 [1, -1]
2 [1, -1]
3 [2, -1]
2 [1, -1]
5 [2, 2, 1]
2 [1, 1]
2 [1, -1]
3 [2, -1]
3 [1, -1, -1]
2 [1, -1]
98 [3, 3, 2, 2, 2, 2, 2, 1, 1, 1, 1, 1, 1, 1, 1, 1, 1, 1, 1, 1, 1, 1, 1, 1, 1, 1, 1, 1, 1, 1, 1, 1, 1, 1, 1, 1, 1, 1, 1, 1, 1, 1, 1, 1, 1, 1, 1, 1, 1, 1, 1, 1, 1, 1, 1, 1, 1, 1, 1, 1, 1, -1, -1, -1, -1, -1, -1, -1, -1, -1, -1, -1, -1, -1, -1, -1, -1, -1, -1, -1, -1, -1, -1, -1, -1, -1, -1, -1, -1]
2 [-1, -1]
2 [1, -1]
2 [-1, -1]
4 [1, 1, 1, -1]
2 [1, -1]
7 [1, 1, 1, 1, 1, -1, -1]
3 [1, 1, -1]
3 [1, 1, -1]
3 [1, -1, -1]
3 [-1, -1, -1]
2 [1, -1]
41 [6, 5, 2, 1, 1, 1, 1, 1, 1, 1, 1, 1, 1, 1, 1, 1, 1, 1, 1, 1, -1, -1, -1, -1, -1, -1, -1, -1, -1, -1, -1]
7 [1, 1, 1, 1, 1, 1, -1]
2 [1, -1]
2 [1, 1]
4 [1, 1, 1, -1]
2 [1, -1]
2 [1, -1]
2 [-1, -1]
2 [1, 1]
2 [1, 1]
6 [1, 1, 1, 1, 1, -1]
2 [1, 1]
11 [3, 1, 1, 1, 1, 1, 1, 1, -1]
4 [3, -1]
6 [1, 1, 1, 1, 1, -1]
2 [1, 1]
5 [3, 1, -1]
2 [-1, -1]
2 [1, -1]
4 [1, 1, 1, -1]
3 [1, -1, -1]
3 [1, 1, 1]
4 [1, 1, -1, -1]
2 [1, -1]
3 [1, 1, -1]
113 [45, 3, 2, 2, 2, 1, 1, 1, 1, 1, 1, 1, 1, 1, 1, 1, 1, 1, 1, 1, 1, 1, 1, 1, 1, 1, 1, 1, 1, 1, 1, 1, 1, 1, 1, 1, 1, 1, 1, 1, 1, 1, 1, 1, 1, 1, 1, 1, -1, -1, -1, -1, -1, -1, -1, -1, -1, -1, -1, -1, -1, -1, -1, -1]
5 [1, 1, -1, -1, -1]
2 [1, 1]
3 [1, 1, -1]
2 [-1, -1]
2 [1, 1]
2 [1, 1]
2 [1, 1]
3 [1, -1, -1]
2 [1, -1]
8 [2, 1, 1, 1, 1, -1, -1]
2 [1, 1]
10 [4, 2, 1, 1, -1, -1]
5 [1, 1, 1, 1, -1]
2 [1, 1]
2 [1, -1]
15 [1, 1, 1, 1, -1, -1, -1, -1, -1, -1, -1, -1, -1, -1, -1]
3 [1, 1, 1]
2 [1, -1]
4 [1, 1, 1, -1]
8 [3, 2, 2, 1]
2 [1, -1]
3 [2, -1]
2 [1, -1]
2 [1, -1]
8 [1, 1, 1, 1, 1, -1, -1, -1]
2 [1, -1]
3 [1, -1, -1]
3 [1, -1, -1]
2 [1, -1]
8 [1, 1, 1, 1, 1, 1, -1, -1]
4 [1, 1, 1, -1]
3 [1, 1, -1]
2 [1, -1]
2 [1, 1]
2 [-1, -1]
30 [29, -1]
3 [1, 1, 1]
5 [1, 1, -1, -1, -1]
2 [-1, -1]
2 [1, -1]
3 [1, 1, -1]
6 [2, 1, 1, -1, -1]
6 [1, 1, 1, -1, -1, -1]
2 [1, 1]
3 [1, 1, -1]
2 [-1, -1]
2 [1, -1]
2 [1, -1]
2 [1, -1]
3 [1, -1, -1]
2 [1, 1]
2 [1, 1]
2 [1, -1]
14 [13, -1]
