2 [1, -1]
4 [2, 1, 1]
2 [1, 1]
3 [1, 1, -1]
5 [1, 1, 1, 1, 1]
2 [1, -1]
2 [-1, -1]
2 [1, -1]
3 [1, 1, -1]
5 [3, 1, 1]
2 [1, -1]
2 [1, 1]
2 [1, 1]
437 [172, 22, 17, 14, 13, 12, 10, 9, 8, 3, 3, 3, 3, 3, 2, 2, 2, 2, 2, 2, 2, 2, 2, 2, 1, 1, 1, 1, 1, 1, 1, 1, 1, 1, 1, 1, 1, 1, 1, 1, 1, 1, 1, 1, 1, 1, 1, 1, 1, 1, 1, 1, 1, 1, 1, 1, 1, 1, 1, 1, 1, 1, 1, 1, 1, 1, 1, 1, 1, 1, 1, 1, 1, 1, 1, 1, 1, 1, 1, 1, 1, 1, 1, 1, 1, 1, 1, 1, 1, 1, 1, 1, 1, 1, 1, -1, -1, -1, -1, -1, -1, -1, -1, -1, -1, -1, -1, -1, -1, -1, -1, -1, -1, -1, -1, -1, -1, -1, -1, -1, -1, -1, -1, -1, -1, -1, -1, -1, -1, -1, -1, -1, -1, -1, -1, -1, -1, -1, -1, -1, -1, -1, -1, -1, -1, -1, -1, -1, -1]
4 [1, 1, 1, -1]
2 [1, 1]
3 [1, 1, -1]
2 [-1, -1]
2 [1, -1]
19 [14, 1, 1, 1, 1, 1]
3 [1, 1, -1]
5 [1, 1, 1, -1, -1]
6 [1, 1, 1, -1, -1, -1]
27 [26, -1]
4 [2, 2]
13 [1, 1, 1, 1, 1, 1, 1, 1, 1, 1, -1, -1, -1]
