3 [1, 1, 1]
4 [1, 1, 1, -1]
10 [6, 4]
9 [2, 1, 1, 1, 1, 1, 1, -1]
2 [1, -1]
3 [-1, -1, -1]
2 [1, -1]
3 [1, 1, -1]
16 [9, 1, 1, 1, 1, 1, -1, -1]
10 [5, 3, 1, -1]
2 [1, 1]
2 [1, 1]
6 [3, 2, 1]
23 [3, 2, 2, 1, 1, 1, 1, 1, 1, 1, 1, 1, 1, 1, 1, -1, -1, -1, -1]
2 [1, -1]
5 [1, 1, 1, 1, 1]
154 [19, 16, 7, 3, 3, 3, 2, 2, 2, 2, 2, 2, 1, 1, 1, 1, 1, 1, 1, 1, 1, 1, 1, 1, 1, 1, 1, 1, 1, 1, 1, 1, 1, 1, 1, 1, 1, 1, 1, 1, 1, 1, 1, 1, 1, 1, 1, 1, 1, 1, 1, 1, 1, 1, 1, 1, 1, 1, 1, 1, 1, 1, 1, 1, 1, 1, 1, 1, 1, 1, 1, 1, 1, 1, 1, 1, 1, -1, -1, -1, -1, -1, -1, -1, -1, -1, -1, -1, -1, -1, -1, -1, -1, -1, -1, -1, -1, -1, -1, -1, -1, -1, -1]
3 [-1, -1, -1]
7 [6, 1]
6 [1, 1, 1, 1, 1, -1]
3 [2, 1]
