105 [5, 5, 3, 3, 3, 2, 2, 2, 1, 1, 1, 1, 1, 1, 1, 1, 1, 1, 1, 1, 1, 1, 1, 1, 1, 1, 1, 1, 1, 1, 1, 1, 1, 1, 1, 1, 1, 1, 1, 1, 1, 1, 1, 1, 1, 1, 1, 1, 1, 1, 1, 1, 1, 1, 1, 1, 1, 1, 1, 1, -1, -1, -1, -1, -1, -1, -1, -1, -1, -1, -1, -1, -1, -1, -1, -1, -1, -1, -1, -1, -1, -1, -1, -1, -1, -1, -1, -1]
3 [2, 1]
2 [1, -1]
3 [1, -1, -1]
38 [4, 4, 3, 3, 2, 2, 1, 1, 1, 1, 1, 1, 1, 1, 1, 1, 1, 1, 1, -1, -1, -1, -1, -1, -1, -1]
4 [1, 1, 1, -1]
2 [1, 1]
2 [1, -1]
2 [1, -1]
20 [2, 1, 1, 1, 1, 1, 1, 1, 1, 1, 1, 1, 1, 1, 1, -1, -1, -1, -1]
5 [3, -1, -1]
2 [1, -1]
2 [1, -1]
2 [1, 1]
2 [1, 1]
3 [1, 1, -1]
6 [1, 1, 1, 1, -1, -1]
2 [1, -1]
4 [1, 1, 1, -1]
3 [2, -1]
5 [1, 1, 1, 1, -1]
4 [1, 1, 1, 1]
2 [1, -1]
3 [1, -1, -1]
5 [1, 1, 1, 1, -1]
22 [11, 3, 1, 1, 1, 1, 1, 1, -1, -1]
2 [1, 1]
3 [-1, -1, -1]
3 [1, -1, -1]
4 [2, 1, -1]
22 [15, 1, 1, 1, 1, -1, -1, -1]
2 [1, 1]
2 [1, -1]
4 [1, 1, 1, -1]
50 [11, 2, 1, 1, 1, 1, 1, 1, 1, 1, 1, 1, 1, 1, 1, 1, 1, 1, 1, 1, 1, 1, 1, 1, 1, 1, 1, 1, 1, -1, -1, -1, -1, -1, -1, -1, -1, -1, -1]
2 [-1, -1]
7 [1, 1, 1, 1, -1, -1, -1]
2 [-1, -1]
2 [1, -1]
2 [1, -1]
21 [5, 2, 1, 1, 1, 1, 1, 1, 1, 1, -1, -1, -1, -1, -1, -1]
2 [1, -1]
2 [1, 1]
2 [1, 1]
2 [-1, -1]
113 [17, 9, 7, 7, 3, 3, 2, 2, 2, 2, 2, 1, 1, 1, 1, 1, 1, 1, 1, 1, 1, 1, 1, 1, 1, 1, 1, 1, 1, 1, 1, 1, 1, 1, 1, 1, 1, 1, 1, 1, 1, 1, 1, 1, 1, 1, 1, -1, -1, -1, -1, -1, -1, -1, -1, -1, -1, -1, -1, -1, -1, -1, -1, -1, -1, -1, -1, -1]
2 [1, -1]
2 [1, 1]
2 [1, 1]
2 [1, -1]
3 [1, 1, -1]
2 [1, -1]
9 [1, 1, 1, 1, 1, -1, -1, -1, -1]
2 [1, 1]
2 [1, -1]
6 [1, 1, 1, 1, 1, -1]
5 [2, 1, 1, -1]
2 [1, -1]
3 [1, 1, 1]
2 [-1, -1]
4 [1, -1, -1, -1]
2 [1, -1]
2 [-1, -1]
2 [1, -1]
2 [1, 1]
2 [1, -1]
3 [1, -1, -1]
95 [5, 3, 3, 3, 2, 2, 2, 2, 2, 2, 2, 2, 2, 2, 1, 1, 1, 1, 1, 1, 1, 1, 1, 1, 1, 1, 1, 1, 1, 1, 1, 1, 1, 1, 1, 1, 1, 1, 1, 1, 1, 1, 1, 1, 1, 1, 1, 1, 1, 1, 1, 1, 1, 1, 1, 1, 1, -1, -1, -1, -1, -1, -1, -1, -1, -1, -1, -1, -1, -1, -1, -1, -1, -1, -1]
40 [1, 1, 1, 1, 1, 1, 1, 1, 1, 1, 1, 1, 1, 1, 1, 1, 1, 1, 1, 1, 1, 1, 1, 1, 1, 1, -1, -1, -1, -1, -1, -1, -1, -1, -1, -1, -1, -1, -1, -1]
2 [1, 1]
3 [1, -1, -1]
2 [1, -1]
2 [1, -1]
2 [1, -1]
2 [1, -1]
4 [1, 1, -1, -1]
2 [-1, -1]
6 [3, 1, 1, 1]
2 [1, 1]
3 [2, -1]
2 [1, -1]
2 [1, 1]
2 [1, 1]
2 [1, 1]
4 [1, 1, 1, -1]
11 [1, 1, 1, 1, 1, 1, 1, -1, -1, -1, -1]
4 [1, 1, -1, -1]
2 [1, 1]
2 [1, -1]
2 [1, -1]
7 [1, 1, -1, -1, -1, -1, -1]
4 [1, 1, 1, -1]
2 [1, 1]
2 [1, -1]
4 [1, -1, -1, -1]
19 [2, 1, 1, 1, 1, 1, 1, 1, 1, 1, 1, 1, 1, 1, 1, -1, -1, -1]
4 [1, 1, 1, -1]
2 [-1, -1]
4 [1, 1, 1, -1]
2 [1, 1]
2 [-1, -1]
2 [1, 1]
3 [1, 1, -1]
2 [1, 1]
5 [4, 1]
10 [1, 1, 1, 1, 1, 1, 1, -1, -1, -1]
2 [1, 1]
2 [1, 1]
2 [1, -1]
2 [1, 1]
2 [1, 1]
22 [4, 2, 2, 1, 1, 1, 1, 1, 1, 1, 1, 1, 1, 1, -1, -1, -1]
3 [2, 1]
20 [1, 1, 1, 1, 1, 1, 1, 1, 1, 1, 1, 1, 1, 1, 1, 1, 1, 1, -1, -1]
6 [5, 1]
2 [1, 1]
6 [1, 1, 1, -1, -1, -1]
2 [1, 1]
5 [1, 1, 1, 1, -1]
4 [2, 1, -1]
