90 [9, 3, 3, 3, 2, 2, 2, 2, 2, 1, 1, 1, 1, 1, 1, 1, 1, 1, 1, 1, 1, 1, 1, 1, 1, 1, 1, 1, 1, 1, 1, 1, 1, 1, 1, 1, 1, 1, 1, 1, 1, 1, 1, 1, 1, 1, 1, 1, 1, 1, 1, 1, 1, 1, 1, -1, -1, -1, -1, -1, -1, -1, -1, -1, -1, -1, -1, -1, -1, -1, -1]
2 [1, -1]
11 [9, 1, -1]
6 [1, 1, -1, -1, -1, -1]
8 [1, 1, 1, 1, 1, -1, -1, -1]
4 [1, 1, 1, -1]
13 [2, 1, 1, 1, 1, 1, 1, -1, -1, -1, -1, -1]
4 [1, 1, 1, -1]
2 [1, 1]
4 [1, 1, -1, -1]
4 [1, 1, 1, -1]
10 [7, 3]
2 [1, -1]
2 [1, -1]
4 [2, 1, 1]
3 [2, 1]
3 [1, 1, -1]
2 [1, -1]
2 [1, 1]
9 [1, 1, 1, 1, 1, 1, -1, -1, -1]
10 [8, 2]
3 [-1, -1, -1]
2 [1, -1]
33 [2, 2, 1, 1, 1, 1, 1, 1, 1, 1, 1, 1, 1, 1, 1, 1, 1, 1, 1, 1, 1, 1, -1, -1, -1, -1, -1, -1, -1, -1, -1]
2 [1, -1]
6 [2, 1, -1, -1, -1]
3 [2, 1]
2 [1, -1]
2 [1, -1]
2 [1, -1]
