39 [19, 2, 2, 2, 1, 1, 1, 1, 1, 1, 1, 1, 1, 1, 1, -1, -1, -1]
114 [22, 21, 5, 2, 2, 1, 1, 1, 1, 1, 1, 1, 1, 1, 1, 1, 1, 1, 1, 1, 1, 1, 1, 1, 1, 1, 1, 1, 1, 1, 1, 1, 1, 1, 1, 1, 1, 1, 1, 1, 1, -1, -1, -1, -1, -1, -1, -1, -1, -1, -1, -1, -1, -1, -1, -1, -1, -1, -1, -1, -1, -1, -1, -1, -1, -1, -1]
2 [1, -1]
2 [1, -1]
6 [3, 1, 1, 1]
2 [1, 1]
2 [1, -1]
2 [1, -1]
3 [1, -1, -1]
4 [1, 1, 1, -1]
5 [1, 1, 1, 1, -1]
3 [1, 1, -1]
4 [1, 1, 1, -1]
2 [1, -1]
4 [1, 1, -1, -1]
3 [1, 1, 1]
40 [3, 3, 2, 2, 1, 1, 1, 1, 1, 1, 1, 1, 1, 1, 1, 1, 1, 1, -1, -1, -1, -1, -1, -1, -1, -1, -1, -1, -1, -1, -1, -1, -1, -1]
31 [30, -1]
3 [1, -1, -1]
3 [1, 1, -1]
2 [1, 1]
2 [1, 1]
2 [1, -1]
5 [2, 1, 1, 1]
3 [1, 1, 1]
2 [1, -1]
2 [1, 1]
3 [1, 1, -1]
4 [2, 1, -1]
2 [1, 1]
2 [1, -1]
3 [1, 1, -1]
2 [-1, -1]
3 [1, 1, -1]
2 [1, -1]
19 [9, 2, 2, 1, 1, 1, 1, 1, 1]
2 [1, -1]
6 [4, 2]
2 [-1, -1]
2 [1, -1]
11 [1, 1, 1, 1, 1, 1, 1, -1, -1, -1, -1]
2 [1, -1]
3 [1, -1, -1]
2 [1, -1]
31 [8, 3, 1, 1, 1, 1, 1, 1, 1, 1, 1, 1, 1, 1, 1, 1, 1, 1, -1, -1, -1, -1]
7 [1, 1, -1, -1, -1, -1, -1]
2 [1, -1]
2 [-1, -1]
5 [3, -1, -1]
2 [1, 1]
2 [1, 1]
2 [1, -1]
37 [2, 2, 1, 1, 1, 1, 1, 1, 1, 1, 1, 1, 1, 1, 1, 1, 1, 1, 1, 1, 1, 1, 1, 1, 1, -1, -1, -1, -1, -1, -1, -1, -1, -1, -1]
2 [1, -1]
2 [1, 1]
2 [1, -1]
2 [-1, -1]
4 [1, -1, -1, -1]
4 [2, 1, -1]
12 [1, 1, 1, 1, 1, 1, -1, -1, -1, -1, -1, -1]
2 [1, -1]
2 [1, 1]
3 [1, 1, 1]
2 [1, 1]
2 [-1, -1]
5 [1, -1, -1, -1, -1]
4 [2, -1, -1]
3 [-1, -1, -1]
2 [1, -1]
14 [3, 1, 1, 1, 1, 1, 1, 1, 1, 1, -1, -1]
2 [-1, -1]
3 [-1, -1, -1]
6 [2, 1, -1, -1, -1]
3 [1, -1, -1]
2 [1, 1]
89 [83, 4, 1, 1]
3 [1, 1, 1]
5 [1, 1, -1, -1, -1]
6 [5, -1]
2 [-1, -1]
2 [1, -1]
2 [1, -1]
102 [101, 1]
3 [1, 1, -1]
2 [1, -1]
2 [1, -1]
7 [1, 1, 1, 1, 1, -1, -1]
8 [1, 1, 1, -1, -1, -1, -1, -1]
8 [7, 1]
34 [10, 8, 5, 4, 4, 1, 1, -1]
7 [1, 1, 1, -1, -1, -1, -1]
2 [1, -1]
2 [-1, -1]
4 [1, 1, -1, -1]
7 [2, 1, 1, 1, 1, -1]
90 [73, 12, 3, 1, -1]
