22 [3, 2, 2, 2, 2, 1, 1, 1, 1, 1, 1, 1, 1, 1, 1, -1]
5 [1, 1, -1, -1, -1]
4 [2, 2]
4 [3, 1]
2 [1, 1]
142 [18, 6, 4, 3, 3, 2, 2, 2, 2, 1, 1, 1, 1, 1, 1, 1, 1, 1, 1, 1, 1, 1, 1, 1, 1, 1, 1, 1, 1, 1, 1, 1, 1, 1, 1, 1, 1, 1, 1, 1, 1, 1, 1, 1, 1, 1, 1, 1, 1, 1, 1, 1, 1, 1, 1, 1, 1, 1, 1, 1, 1, 1, 1, 1, 1, 1, 1, -1, -1, -1, -1, -1, -1, -1, -1, -1, -1, -1, -1, -1, -1, -1, -1, -1, -1, -1, -1, -1, -1, -1, -1, -1, -1, -1, -1, -1, -1, -1, -1, -1, -1, -1, -1, -1, -1, -1, -1, -1, -1]
4 [2, 1, -1]
2 [1, -1]
2 [1, -1]
5 [1, 1, 1, -1, -1]
2 [1, -1]
3 [1, 1, -1]
3 [-1, -1, -1]
2 [1, 1]
2 [1, 1]
2 [1, 1]
2 [1, -1]
2 [1, 1]
2 [1, -1]
3 [1, 1, -1]
3 [1, -1, -1]
3 [1, 1, 1]
9 [1, 1, 1, 1, 1, -1, -1, -1, -1]
2 [1, -1]
3 [1, 1, -1]
3 [1, -1, -1]
2 [-1, -1]
13 [3, 2, 1, 1, 1, -1, -1, -1, -1, -1]
2 [1, -1]
2 [1, -1]
3 [1, 1, 1]
2 [-1, -1]
7 [2, 1, 1, 1, -1, -1]
3 [1, -1, -1]
12 [1, 1, 1, 1, 1, 1, -1, -1, -1, -1, -1, -1]
9 [3, 2, 1, 1, -1, -1]
7 [1, 1, 1, 1, 1, 1, -1]
2 [1, -1]
16 [14, 1, 1]
5 [1, 1, 1, 1, -1]
2 [1, 1]
2 [-1, -1]
2 [1, -1]
2 [1, -1]
3 [1, -1, -1]
6 [5, 1]
5 [1, 1, 1, 1, -1]
2 [-1, -1]
3 [1, -1, -1]
11 [1, 1, 1, 1, 1, 1, -1, -1, -1, -1, -1]
26 [2, 2, 1, 1, 1, 1, 1, 1, 1, 1, 1, 1, 1, 1, 1, 1, -1, -1, -1, -1, -1, -1, -1, -1]
35 [7, 5, 4, 2, 2, 1, 1, 1, 1, 1, 1, 1, 1, -1, -1, -1, -1, -1, -1, -1]
3 [1, -1, -1]
4 [1, -1, -1, -1]
2 [1, 1]
6 [1, 1, 1, 1, -1, -1]
2 [1, 1]
2 [1, 1]
8 [4, 2, 2]
152 [151, -1]
5 [1, 1, -1, -1, -1]
2 [1, 1]
5 [4, 1]
