2 [1, -1]
2 [1, -1]
2 [1, 1]
2 [1, -1]
15 [3, 1, 1, 1, 1, 1, 1, 1, 1, -1, -1, -1, -1]
3 [1, -1, -1]
13 [1, 1, 1, 1, 1, 1, 1, 1, 1, -1, -1, -1, -1]
2 [1, 1]
2 [1, -1]
66 [2, 2, 2, 1, 1, 1, 1, 1, 1, 1, 1, 1, 1, 1, 1, 1, 1, 1, 1, 1, 1, 1, 1, 1, 1, 1, 1, 1, 1, 1, 1, 1, 1, 1, 1, 1, 1, 1, 1, 1, 1, 1, 1, 1, -1, -1, -1, -1, -1, -1, -1, -1, -1, -1, -1, -1, -1, -1, -1, -1, -1, -1, -1]
2 [1, 1]
2 [1, -1]
3 [1, 1, -1]
2 [1, 1]
2 [1, -1]
2 [1, -1]
2 [1, -1]
2 [1, 1]
6 [1, 1, 1, 1, -1, -1]
2 [1, -1]
2 [-1, -1]
10 [3, 1, 1, 1, 1, 1, -1, -1]
2 [-1, -1]
2 [1, 1]
2 [1, 1]
2 [1, -1]
51 [10, 4, 4, 2, 1, 1, 1, 1, 1, 1, 1, 1, 1, 1, 1, 1, 1, 1, 1, 1, 1, 1, 1, 1, 1, 1, -1, -1, -1, -1, -1, -1, -1, -1, -1]
3 [1, -1, -1]
2 [1, 1]
2 [-1, -1]
6 [2, 1, 1, 1, 1]
3 [1, 1, -1]
2 [1, 1]
5 [2, 1, -1, -1]
5 [1, 1, 1, -1, -1]
4 [2, 1, -1]
2 [1, 1]
3 [1, 1, 1]
2 [1, -1]
5 [2, 1, 1, -1]
2 [1, -1]
2 [1, -1]
4 [1, -1, -1, -1]
11 [8, 3]
2 [1, -1]
2 [1, 1]
9 [3, 1, 1, 1, 1, -1, -1]
2 [1, -1]
3 [1, 1, -1]
2 [1, -1]
2 [1, -1]
2 [1, -1]
3 [1, 1, -1]
11 [7, 3, 1]
6 [1, 1, 1, 1, -1, -1]
5 [1, 1, 1, 1, -1]
85 [5, 2, 1, 1, 1, 1, 1, 1, 1, 1, 1, 1, 1, 1, 1, 1, 1, 1, 1, 1, 1, 1, 1, 1, 1, 1, 1, 1, 1, 1, 1, 1, 1, 1, 1, 1, 1, 1, 1, 1, 1, 1, 1, 1, 1, 1, 1, 1, 1, 1, 1, 1, 1, 1, -1, -1, -1, -1, -1, -1, -1, -1, -1, -1, -1, -1, -1, -1, -1, -1, -1, -1, -1, -1, -1, -1, -1, -1, -1, -1]
9 [1, 1, 1, 1, 1, 1, 1, -1, -1]
4 [2, 1, -1]
2 [1, 1]
2 [1, 1]
2 [-1, -1]
13 [1, 1, 1, 1, 1, 1, 1, 1, 1, 1, 1, -1, -1]
3 [1, 1, 1]
5 [2, 1, 1, 1]
2 [1, 1]
2 [1, -1]
47 [4, 3, 3, 2, 1, 1, 1, 1, 1, 1, 1, 1, 1, 1, 1, 1, 1, 1, 1, 1, 1, 1, 1, 1, 1, 1, 1, 1, 1, 1, -1, -1, -1, -1, -1, -1, -1, -1, -1]
55 [4, 2, 2, 2, 2, 1, 1, 1, 1, 1, 1, 1, 1, 1, 1, 1, 1, 1, 1, 1, 1, 1, 1, 1, 1, 1, 1, 1, 1, 1, 1, 1, 1, 1, 1, 1, -1, -1, -1, -1, -1, -1, -1, -1, -1, -1, -1, -1]
5 [2, 1, -1, -1]
2 [1, -1]
6 [1, 1, 1, 1, -1, -1]
4 [1, 1, -1, -1]
4 [1, -1, -1, -1]
4 [1, 1, 1, -1]
8 [1, -1, -1, -1, -1, -1, -1, -1]
4 [1, 1, 1, -1]
2 [-1, -1]
9 [3, 1, 1, -1, -1, -1, -1]
7 [4, 1, 1, 1]
3 [1, -1, -1]
3 [2, 1]
3 [1, 1, 1]
2 [1, 1]
2 [1, 1]
2 [1, -1]
2 [1, -1]
2 [1, 1]
2 [-1, -1]
15 [2, 1, 1, 1, 1, 1, 1, 1, 1, 1, -1, -1, -1, -1]
3 [1, 1, 1]
5 [1, -1, -1, -1, -1]
3 [1, -1, -1]
8 [5, 1, 1, -1]
6 [1, 1, 1, 1, 1, -1]
2 [1, -1]
6 [2, 1, -1, -1, -1]
2 [1, -1]
2 [1, -1]
5 [2, 1, 1, -1]
4 [-1, -1, -1, -1]
2 [1, -1]
11 [1, 1, 1, 1, 1, 1, 1, 1, -1, -1, -1]
2 [1, -1]
4 [2, 1, -1]
4 [1, 1, 1, -1]
9 [1, 1, 1, 1, 1, 1, 1, -1, -1]
