12 [5, 1, 1, 1, 1, 1, -1, -1]
2 [1, 1]
2 [1, -1]
2 [1, -1]
4 [1, 1, 1, 1]
4 [2, 2]
8 [3, 1, 1, 1, 1, 1]
2 [1, -1]
2 [1, -1]
11 [1, 1, 1, 1, 1, 1, 1, 1, 1, -1, -1]
3 [1, 1, 1]
2 [-1, -1]
4 [1, 1, 1, -1]
7 [1, 1, 1, 1, 1, 1, -1]
2 [1, -1]
2 [1, -1]
2 [-1, -1]
2 [1, 1]
56 [4, 2, 2, 2, 2, 1, 1, 1, 1, 1, 1, 1, 1, 1, 1, 1, 1, 1, 1, 1, 1, 1, 1, 1, 1, 1, 1, 1, 1, 1, 1, -1, -1, -1, -1, -1, -1, -1, -1, -1, -1, -1, -1, -1, -1, -1, -1, -1, -1]
4 [1, 1, 1, -1]
3 [1, 1, -1]
3 [-1, -1, -1]
3 [1, 1, -1]
8 [6, -1, -1]
5 [1, 1, -1, -1, -1]
2 [1, 1]
3 [1, 1, 1]
6 [2, -1, -1, -1, -1]
2 [1, 1]
7 [3, 1, 1, 1, 1]
2 [1, -1]
3 [1, 1, 1]
17 [4, 1, 1, 1, 1, 1, 1, -1, -1, -1, -1, -1, -1, -1]
2 [1, 1]
4 [1, 1, 1, 1]
4 [1, -1, -1, -1]
3 [1, 1, 1]
5 [3, 2]
2 [1, -1]
8 [2, 1, 1, 1, 1, -1, -1]
2 [-1, -1]
6 [1, 1, 1, 1, -1, -1]
2 [1, -1]
2 [1, -1]
15 [2, 1, 1, 1, 1, 1, 1, 1, 1, -1, -1, -1, -1, -1]
17 [12, 1, 1, 1, -1, -1]
3 [1, 1, -1]
2 [-1, -1]
2 [1, 1]
2 [-1, -1]
2 [1, -1]
13 [4, 3, 1, 1, 1, 1, -1, -1]
2 [1, -1]
72 [34, 4, 3, 2, 2, 1, 1, 1, 1, 1, 1, 1, 1, 1, 1, 1, 1, 1, 1, 1, 1, -1, -1, -1, -1, -1, -1, -1, -1, -1, -1, -1]
2 [1, -1]
3 [1, 1, -1]
5 [3, 2]
2 [1, 1]
3 [2, -1]
2 [1, -1]
2 [1, 1]
2 [-1, -1]
18 [2, 1, 1, 1, 1, 1, 1, 1, 1, 1, 1, 1, 1, -1, -1, -1, -1]
214 [9, 7, 6, 5, 5, 4, 4, 3, 3, 3, 2, 2, 2, 2, 2, 2, 2, 2, 2, 1, 1, 1, 1, 1, 1, 1, 1, 1, 1, 1, 1, 1, 1, 1, 1, 1, 1, 1, 1, 1, 1, 1, 1, 1, 1, 1, 1, 1, 1, 1, 1, 1, 1, 1, 1, 1, 1, 1, 1, 1, 1, 1, 1, 1, 1, 1, 1, 1, 1, 1, 1, 1, 1, 1, 1, 1, 1, 1, 1, 1, 1, 1, 1, 1, 1, 1, 1, 1, 1, 1, 1, 1, 1, 1, 1, 1, 1, 1, 1, 1, 1, 1, 1, 1, 1, 1, 1, 1, 1, 1, 1, 1, 1, 1, 1, 1, 1, 1, 1, 1, 1, 1, 1, -1, -1, -1, -1, -1, -1, -1, -1, -1, -1, -1, -1, -1, -1, -1, -1, -1, -1, -1, -1, -1, -1, -1, -1, -1, -1, -1, -1, -1, -1, -1, -1, -1, -1, -1, -1, -1, -1, -1, -1, -1, -1, -1]
2 [1, -1]
16 [1, 1, 1, 1, 1, 1, 1, 1, 1, 1, -1, -1, -1, -1, -1, -1]
2 [1, 1]
2 [1, 1]
29 [3, 3, 2, 1, 1, 1, 1, 1, 1, 1, 1, 1, 1, 1, 1, 1, 1, -1, -1, -1, -1, -1, -1, -1]
