22 [3, 1, 1, 1, 1, 1, 1, 1, 1, 1, 1, -1, -1, -1, -1, -1, -1, -1, -1, -1]
4 [1, 1, 1, -1]
2 [1, -1]
4 [3, 1]
7 [1, 1, 1, 1, -1, -1, -1]
4 [1, 1, -1, -1]
26 [23, 2, 1]
2 [1, 1]
2 [1, 1]
14 [3, 2, 2, 1, 1, 1, 1, 1, -1, -1]
2 [1, -1]
3 [1, 1, 1]
16 [5, 3, 1, 1, 1, 1, 1, 1, 1, 1]
2 [-1, -1]
2 [1, 1]
3 [1, 1, -1]
7 [1, 1, 1, -1, -1, -1, -1]
4 [2, 1, 1]
2 [-1, -1]
2 [1, -1]
3 [2, 1]
2 [1, -1]
3 [1, 1, -1]
2 [1, -1]
2 [1, -1]
3 [2, -1]
2 [1, -1]
7 [1, 1, 1, 1, 1, 1, -1]
20 [13, 2, 1, 1, 1, 1, 1]
2 [1, -1]
2 [1, 1]
5 [1, 1, 1, -1, -1]
2 [1, 1]
2 [-1, -1]
31 [13, 4, 1, 1, 1, 1, 1, 1, 1, 1, 1, 1, 1, -1, -1, -1]
370 [86, 59, 32, 21, 13, 5, 3, 3, 3, 3, 3, 3, 2, 2, 2, 2, 2, 2, 2, 2, 1, 1, 1, 1, 1, 1, 1, 1, 1, 1, 1, 1, 1, 1, 1, 1, 1, 1, 1, 1, 1, 1, 1, 1, 1, 1, 1, 1, 1, 1, 1, 1, 1, 1, 1, 1, 1, 1, 1, 1, 1, 1, 1, 1, 1, 1, 1, 1, 1, 1, 1, 1, 1, 1, 1, 1, 1, 1, 1, 1, 1, 1, 1, 1, 1, 1, 1, 1, 1, 1, 1, 1, 1, 1, 1, 1, 1, 1, 1, 1, 1, 1, 1, 1, -1, -1, -1, -1, -1, -1, -1, -1, -1, -1, -1, -1, -1, -1, -1, -1, -1, -1, -1, -1, -1, -1, -1, -1, -1, -1, -1, -1, -1, -1, -1, -1, -1, -1, -1, -1]
8 [2, 1, 1, 1, -1, -1, -1]
3 [1, 1, -1]
2 [1, 1]
3 [1, 1, -1]
3 [1, -1, -1]
2 [1, 1]
3 [1, 1, 1]
2 [1, -1]
2 [1, -1]
2 [1, -1]
