2 [1, -1]
20 [10, 1, 1, 1, 1, 1, 1, -1, -1, -1, -1]
3 [1, 1, 1]
2 [1, 1]
3 [2, 1]
3 [1, 1, -1]
2 [1, 1]
2 [1, -1]
3 [1, 1, -1]
3 [1, 1, -1]
2 [1, -1]
2 [-1, -1]
2 [-1, -1]
4 [3, 1]
2 [-1, -1]
6 [2, 1, 1, 1, -1]
3 [1, 1, -1]
4 [1, 1, 1, 1]
3 [1, -1, -1]
2 [1, 1]
3 [2, 1]
2 [1, 1]
4 [1, 1, 1, -1]
3 [2, -1]
2 [1, -1]
9 [2, 1, 1, 1, 1, 1, 1, 1]
72 [10, 8, 6, 6, 3, 3, 3, 2, 2, 2, 1, 1, 1, 1, 1, 1, 1, 1, 1, 1, 1, 1, 1, 1, 1, 1, 1, 1, 1, -1, -1, -1, -1, -1, -1, -1, -1]
7 [1, 1, 1, -1, -1, -1, -1]
33 [31, 2]
5 [1, 1, 1, -1, -1]
15 [13, 1, 1]
2 [1, -1]
8 [2, 1, 1, 1, 1, -1, -1]
5 [1, 1, 1, -1, -1]
3 [1, 1, -1]
5 [1, 1, -1, -1, -1]
12 [7, 1, 1, 1, -1, -1]
3 [1, 1, 1]
2 [1, -1]
2 [1, 1]
21 [2, 2, 1, 1, 1, 1, 1, 1, 1, 1, 1, 1, 1, -1, -1, -1, -1, -1, -1]
57 [12, 9, 4, 3, 3, 3, 1, 1, 1, 1, 1, 1, 1, 1, 1, 1, 1, -1, -1, -1, -1, -1, -1, -1, -1, -1, -1, -1, -1]
2 [1, -1]
3 [1, -1, -1]
3 [1, 1, 1]
3 [1, 1, -1]
2 [1, -1]
3 [1, 1, -1]
2 [1, -1]
2 [1, -1]
2 [1, 1]
5 [1, 1, 1, 1, -1]
6 [2, 1, 1, 1, -1]
6 [1, 1, -1, -1, -1, -1]
2 [1, -1]
7 [2, 1, 1, 1, -1, -1]
2 [1, -1]
7 [2, 2, 1, 1, -1]
2 [1, 1]
