5 [2, 1, 1, -1]
4 [1, 1, 1, -1]
5 [4, -1]
6 [1, 1, 1, -1, -1, -1]
6 [4, 1, 1]
3 [1, 1, -1]
2 [1, -1]
2 [1, -1]
4 [1, 1, 1, 1]
4 [1, -1, -1, -1]
6 [2, 1, 1, 1, 1]
2 [-1, -1]
2 [1, -1]
3 [2, -1]
2 [1, 1]
2 [1, -1]
5 [2, 1, -1, -1]
2 [1, -1]
5 [2, 1, 1, 1]
7 [2, 1, 1, 1, 1, -1]
3 [1, 1, -1]
2 [1, -1]
3 [1, -1, -1]
2 [1, -1]
5 [1, 1, 1, -1, -1]
2 [1, -1]
7 [2, 1, 1, 1, -1, -1]
2 [1, -1]
12 [1, 1, 1, 1, 1, 1, 1, -1, -1, -1, -1, -1]
2 [1, 1]
2 [1, -1]
2 [1, 1]
6 [1, 1, 1, 1, -1, -1]
2 [1, -1]
3 [1, 1, -1]
2 [1, 1]
3 [1, -1, -1]
3 [1, 1, -1]
5 [1, 1, 1, -1, -1]
3 [1, 1, -1]
3 [1, 1, -1]
3 [1, -1, -1]
4 [1, 1, 1, 1]
4 [1, 1, -1, -1]
7 [1, 1, 1, 1, 1, 1, -1]
2 [1, 1]
5 [1, 1, -1, -1, -1]
2 [1, -1]
2 [-1, -1]
2 [1, -1]
4 [1, 1, 1, -1]
2 [1, 1]
6 [5, 1]
2 [1, -1]
2 [1, -1]
3 [1, 1, 1]
105 [4, 3, 2, 2, 1, 1, 1, 1, 1, 1, 1, 1, 1, 1, 1, 1, 1, 1, 1, 1, 1, 1, 1, 1, 1, 1, 1, 1, 1, 1, 1, 1, 1, 1, 1, 1, 1, 1, 1, 1, 1, 1, 1, 1, 1, 1, 1, 1, 1, 1, 1, 1, 1, 1, 1, 1, 1, 1, 1, 1, 1, 1, 1, 1, -1, -1, -1, -1, -1, -1, -1, -1, -1, -1, -1, -1, -1, -1, -1, -1, -1, -1, -1, -1, -1, -1, -1, -1, -1, -1, -1, -1, -1, -1, -1, -1, -1, -1]
6 [5, 1]
2 [1, 1]
2 [1, 1]
16 [14, 1, -1]
14 [4, 1, 1, 1, 1, 1, 1, 1, -1, -1, -1]
2 [1, -1]
2 [1, -1]
2 [1, -1]
2 [-1, -1]
7 [2, 1, 1, 1, 1, -1]
23 [11, 1, 1, 1, 1, 1, 1, -1, -1, -1, -1, -1, -1]
2 [1, -1]
2 [1, 1]
4 [1, 1, 1, -1]
2 [1, 1]
6 [1, 1, 1, 1, 1, -1]
3 [1, -1, -1]
2 [1, 1]
7 [1, 1, 1, 1, 1, -1, -1]
2 [1, -1]
3 [1, 1, -1]
2 [1, -1]
2 [1, -1]
3 [2, 1]
85 [4, 2, 1, 1, 1, 1, 1, 1, 1, 1, 1, 1, 1, 1, 1, 1, 1, 1, 1, 1, 1, 1, 1, 1, 1, 1, 1, 1, 1, 1, 1, 1, 1, 1, 1, 1, 1, 1, 1, 1, 1, 1, 1, 1, 1, 1, 1, -1, -1, -1, -1, -1, -1, -1, -1, -1, -1, -1, -1, -1, -1, -1, -1, -1, -1, -1, -1, -1, -1, -1, -1, -1, -1, -1, -1, -1, -1, -1, -1, -1, -1]
4 [2, 1, 1]
9 [1, 1, 1, -1, -1, -1, -1, -1, -1]
2 [1, -1]
2 [1, 1]
2 [1, -1]
2 [-1, -1]
2 [1, -1]
5 [1, 1, 1, 1, 1]
15 [1, 1, 1, 1, 1, 1, 1, 1, 1, 1, 1, -1, -1, -1, -1]
3 [1, -1, -1]
11 [2, 1, 1, 1, 1, 1, 1, 1, -1, -1]
3 [-1, -1, -1]
24 [14, 10]
2 [1, -1]
67 [8, 5, 4, 4, 3, 3, 2, 2, 2, 2, 2, 1, 1, 1, 1, 1, 1, 1, 1, 1, 1, 1, 1, 1, 1, 1, 1, 1, 1, 1, -1, -1, -1, -1, -1, -1, -1, -1, -1, -1, -1]
2 [1, 1]
2 [1, -1]
2 [1, -1]
2 [1, 1]
3 [1, 1, -1]
6 [1, 1, 1, 1, -1, -1]
3 [2, 1]
5 [1, 1, -1, -1, -1]
10 [2, 2, 1, 1, 1, -1, -1, -1]
5 [2, 1, 1, 1]
513 [512, 1]
10 [4, 3, 1, 1, -1]
27 [2, 2, 2, 1, 1, 1, 1, 1, 1, 1, 1, 1, 1, 1, 1, 1, -1, -1, -1, -1, -1, -1, -1, -1]
4 [1, 1, 1, -1]
2 [1, -1]
