2 [1, -1]
3 [1, -1, -1]
2 [1, 1]
2 [1, 1]
8 [3, 1, 1, 1, 1, 1]
16 [3, 1, 1, 1, 1, 1, 1, 1, 1, 1, 1, 1, -1, -1]
2 [-1, -1]
17 [2, 1, 1, 1, 1, 1, 1, 1, 1, 1, -1, -1, -1, -1, -1, -1]
11 [10, -1]
2 [1, -1]
2 [-1, -1]
8 [2, 1, 1, 1, 1, 1, -1]
2 [1, -1]
2 [-1, -1]
2 [1, -1]
5 [1, 1, 1, -1, -1]
2 [1, 1]
2 [1, -1]
3 [1, 1, -1]
7 [1, 1, 1, 1, 1, -1, -1]
2 [-1, -1]
2 [1, 1]
3 [2, 1]
2 [1, 1]
2 [1, 1]
3 [1, 1, 1]
2 [-1, -1]
4 [1, 1, 1, -1]
2 [1, 1]
2 [1, 1]
2 [1, -1]
11 [2, 1, 1, 1, 1, 1, 1, 1, -1, -1]
6 [1, 1, 1, 1, -1, -1]
3 [1, -1, -1]
2 [-1, -1]
3 [1, 1, -1]
3 [1, 1, -1]
4 [1, 1, -1, -1]
2 [1, 1]
2 [-1, -1]
5 [1, -1, -1, -1, -1]
2 [1, -1]
6 [1, 1, 1, 1, -1, -1]
2 [1, -1]
2 [1, -1]
2 [1, -1]
2 [1, -1]
4 [1, 1, 1, 1]
4 [1, 1, 1, -1]
30 [15, 6, 2, 1, 1, 1, 1, 1, -1, -1]
2 [1, -1]
2 [-1, -1]
2 [-1, -1]
2 [1, -1]
2 [-1, -1]
24 [1, 1, 1, 1, 1, 1, 1, 1, 1, 1, 1, 1, 1, 1, 1, 1, 1, 1, 1, 1, -1, -1, -1, -1]
2 [1, 1]
2 [1, -1]
3 [1, -1, -1]
7 [1, 1, 1, 1, 1, -1, -1]
49 [35, 1, 1, 1, 1, 1, 1, 1, -1, -1, -1, -1, -1, -1, -1]
3 [2, 1]
4 [1, 1, -1, -1]
2 [1, -1]
33 [3, 2, 2, 2, 2, 1, 1, 1, 1, 1, 1, 1, 1, 1, 1, 1, 1, 1, 1, -1, -1, -1, -1, -1, -1, -1, -1]
3 [2, 1]
2 [1, 1]
2 [1, -1]
25 [2, 1, 1, 1, 1, 1, 1, 1, 1, 1, 1, 1, 1, -1, -1, -1, -1, -1, -1, -1, -1, -1, -1, -1]
12 [2, 1, 1, 1, 1, 1, 1, -1, -1, -1, -1]
9 [3, 3, 1, 1, -1]
9 [2, 1, 1, 1, 1, -1, -1, -1]
5 [1, 1, 1, 1, -1]
41 [15, 13, 3, 1, 1, 1, 1, 1, -1, -1, -1, -1, -1]
2 [1, 1]
8 [1, 1, 1, 1, -1, -1, -1, -1]
6 [1, 1, 1, -1, -1, -1]
3 [1, -1, -1]
2 [1, -1]
24 [3, 1, 1, 1, 1, 1, 1, 1, 1, 1, 1, 1, 1, 1, 1, -1, -1, -1, -1, -1, -1, -1]
2 [-1, -1]
10 [7, 3]
2 [1, -1]
2 [1, 1]
2 [1, 1]
2 [1, 1]
2 [-1, -1]
3 [2, 1]
14 [4, 4, 1, 1, 1, 1, -1, -1]
8 [2, 1, 1, 1, 1, 1, -1]
3 [1, -1, -1]
2 [-1, -1]
3 [1, -1, -1]
2 [1, 1]
7 [1, 1, 1, 1, 1, 1, -1]
2 [1, 1]
2 [1, 1]
2 [1, -1]
5 [4, -1]
3 [2, 1]
2 [1, 1]
18 [2, 1, 1, 1, 1, 1, -1, -1, -1, -1, -1, -1, -1, -1, -1, -1, -1]
2 [1, -1]
2 [1, 1]
2 [1, 1]
4 [2, 1, 1]
4 [3, 1]
123 [42, 4, 4, 3, 2, 2, 2, 2, 2, 2, 1, 1, 1, 1, 1, 1, 1, 1, 1, 1, 1, 1, 1, 1, 1, 1, 1, 1, 1, 1, 1, 1, 1, 1, 1, 1, 1, 1, 1, 1, 1, 1, 1, 1, 1, 1, 1, -1, -1, -1, -1, -1, -1, -1, -1, -1, -1, -1, -1, -1, -1, -1, -1, -1, -1, -1, -1, -1]
