124 [3, 3, 3, 2, 2, 2, 2, 2, 2, 1, 1, 1, 1, 1, 1, 1, 1, 1, 1, 1, 1, 1, 1, 1, 1, 1, 1, 1, 1, 1, 1, 1, 1, 1, 1, 1, 1, 1, 1, 1, 1, 1, 1, 1, 1, 1, 1, 1, 1, 1, 1, 1, 1, 1, 1, 1, 1, 1, 1, 1, 1, 1, 1, 1, 1, 1, 1, 1, -1, -1, -1, -1, -1, -1, -1, -1, -1, -1, -1, -1, -1, -1, -1, -1, -1, -1, -1, -1, -1, -1, -1, -1, -1, -1, -1, -1, -1, -1, -1, -1, -1, -1, -1, -1, -1, -1, -1, -1, -1, -1, -1, -1]
2 [1, -1]
2 [1, -1]
3 [-1, -1, -1]
2 [-1, -1]
2 [-1, -1]
2 [1, -1]
4 [1, 1, 1, -1]
10 [1, 1, 1, 1, 1, 1, -1, -1, -1, -1]
8 [1, 1, 1, 1, -1, -1, -1, -1]
3 [1, -1, -1]
2 [1, 1]
2 [1, -1]
3 [2, -1]
8 [1, 1, 1, 1, -1, -1, -1, -1]
2 [1, 1]
2 [1, 1]
2 [1, 1]
2 [1, -1]
2 [1, 1]
2 [1, -1]
2 [1, 1]
17 [14, 1, 1, -1]
3 [2, 1]
2 [1, 1]
3 [1, 1, 1]
2 [-1, -1]
2 [1, -1]
3 [1, 1, -1]
2 [1, 1]
4 [2, 1, -1]
2 [1, -1]
19 [2, 1, 1, 1, 1, 1, 1, 1, 1, 1, 1, 1, 1, -1, -1, -1, -1, -1]
2 [1, -1]
2 [1, 1]
3 [1, -1, -1]
2 [1, -1]
2 [1, -1]
3 [1, 1, -1]
3 [1, 1, -1]
2 [1, -1]
2 [-1, -1]
2 [1, 1]
32 [13, 3, 2, 1, 1, 1, 1, 1, 1, 1, 1, 1, 1, 1, 1, -1, -1]
