416 [411, 3, 1, 1]
12 [1, 1, 1, 1, 1, 1, 1, 1, 1, -1, -1, -1]
4 [1, 1, -1, -1]
2 [1, -1]
2 [1, 1]
5 [2, -1, -1, -1]
13 [1, 1, 1, 1, 1, 1, -1, -1, -1, -1, -1, -1, -1]
163 [54, 7, 3, 3, 3, 2, 2, 2, 2, 2, 2, 2, 1, 1, 1, 1, 1, 1, 1, 1, 1, 1, 1, 1, 1, 1, 1, 1, 1, 1, 1, 1, 1, 1, 1, 1, 1, 1, 1, 1, 1, 1, 1, 1, 1, 1, 1, 1, 1, 1, 1, 1, 1, 1, 1, 1, 1, 1, 1, 1, 1, 1, 1, -1, -1, -1, -1, -1, -1, -1, -1, -1, -1, -1, -1, -1, -1, -1, -1, -1, -1, -1, -1, -1, -1, -1, -1, -1, -1, -1, -1]
4 [1, 1, -1, -1]
62 [33, 26, 2, 1]
7 [3, 1, 1, 1, -1]
3 [1, 1, -1]
2 [-1, -1]
3 [1, 1, -1]
9 [1, 1, 1, -1, -1, -1, -1, -1, -1]
2 [1, -1]
3 [1, 1, 1]
12 [2, 1, 1, 1, 1, -1, -1, -1, -1, -1, -1]
4 [1, 1, -1, -1]
7 [1, 1, 1, 1, -1, -1, -1]
2 [1, 1]
11 [2, 2, 1, 1, 1, 1, -1, -1, -1]
3 [-1, -1, -1]
9 [5, 1, 1, 1, -1]
5 [1, 1, 1, -1, -1]
4 [1, 1, -1, -1]
136 [133, 2, -1]
2 [1, 1]
12 [3, 1, 1, 1, 1, 1, 1, -1, -1, -1]
