14 [2, 2, 1, 1, 1, 1, 1, 1, 1, -1, -1, -1]
2 [1, -1]
5 [3, 1, 1]
47 [6, 3, 2, 2, 2, 2, 1, 1, 1, 1, 1, 1, 1, 1, 1, 1, 1, 1, 1, 1, 1, 1, 1, 1, 1, 1, 1, -1, -1, -1, -1, -1, -1, -1, -1, -1]
2 [1, 1]
2 [1, 1]
6 [1, 1, 1, 1, -1, -1]
4 [1, 1, 1, -1]
5 [1, 1, 1, 1, 1]
2 [1, 1]
2 [1, 1]
3 [1, 1, 1]
3 [1, 1, -1]
2 [1, -1]
4 [1, 1, 1, -1]
2 [1, 1]
2 [1, 1]
2 [1, -1]
95 [4, 4, 2, 2, 2, 2, 2, 1, 1, 1, 1, 1, 1, 1, 1, 1, 1, 1, 1, 1, 1, 1, 1, 1, 1, 1, 1, 1, 1, 1, 1, 1, 1, 1, 1, 1, 1, 1, 1, 1, 1, 1, 1, 1, 1, 1, 1, 1, 1, 1, 1, 1, 1, 1, 1, 1, -1, -1, -1, -1, -1, -1, -1, -1, -1, -1, -1, -1, -1, -1, -1, -1, -1, -1, -1, -1, -1, -1, -1, -1, -1, -1, -1, -1]
5 [1, -1, -1, -1, -1]
2 [1, 1]
2 [1, -1]
123 [6, 3, 2, 2, 2, 2, 2, 2, 2, 2, 1, 1, 1, 1, 1, 1, 1, 1, 1, 1, 1, 1, 1, 1, 1, 1, 1, 1, 1, 1, 1, 1, 1, 1, 1, 1, 1, 1, 1, 1, 1, 1, 1, 1, 1, 1, 1, 1, 1, 1, 1, 1, 1, 1, 1, 1, 1, 1, 1, 1, 1, 1, 1, 1, 1, 1, 1, 1, 1, 1, 1, 1, -1, -1, -1, -1, -1, -1, -1, -1, -1, -1, -1, -1, -1, -1, -1, -1, -1, -1, -1, -1, -1, -1, -1, -1, -1, -1, -1, -1, -1, -1, -1, -1, -1, -1, -1, -1]
2 [1, 1]
2 [1, 1]
13 [5, 3, 1, 1, 1, -1, -1]
6 [3, 2, 1]
6 [1, 1, 1, 1, -1, -1]
6 [1, 1, 1, 1, -1, -1]
3 [1, 1, -1]
11 [5, 3, 1, 1, -1]
2 [1, -1]
2 [1, 1]
2 [1, 1]
2 [1, -1]
171 [5, 3, 3, 3, 3, 2, 2, 2, 2, 2, 1, 1, 1, 1, 1, 1, 1, 1, 1, 1, 1, 1, 1, 1, 1, 1, 1, 1, 1, 1, 1, 1, 1, 1, 1, 1, 1, 1, 1, 1, 1, 1, 1, 1, 1, 1, 1, 1, 1, 1, 1, 1, 1, 1, 1, 1, 1, 1, 1, 1, 1, 1, 1, 1, 1, 1, 1, 1, 1, 1, 1, 1, 1, 1, 1, 1, 1, 1, 1, 1, 1, 1, 1, 1, 1, 1, 1, 1, 1, 1, 1, 1, 1, 1, 1, 1, 1, 1, -1, -1, -1, -1, -1, -1, -1, -1, -1, -1, -1, -1, -1, -1, -1, -1, -1, -1, -1, -1, -1, -1, -1, -1, -1, -1, -1, -1, -1, -1, -1, -1, -1, -1, -1, -1, -1, -1, -1, -1, -1, -1, -1, -1, -1, -1, -1, -1, -1, -1, -1, -1, -1, -1, -1, -1]
2 [-1, -1]
2 [1, 1]
2 [1, 1]
9 [6, 1, 1, -1]
5 [1, 1, 1, 1, -1]
5 [3, 1, -1]
11 [3, 1, 1, 1, 1, 1, -1, -1, -1]
5 [1, 1, 1, 1, -1]
23 [2, 1, 1, 1, 1, 1, 1, 1, 1, 1, 1, 1, 1, 1, 1, -1, -1, -1, -1, -1, -1, -1]
2 [1, -1]
2 [-1, -1]
4 [1, 1, -1, -1]
3 [1, -1, -1]
2 [1, -1]
4 [2, 2]
2 [1, -1]
49 [2, 2, 1, 1, 1, 1, 1, 1, 1, 1, 1, 1, 1, 1, 1, 1, 1, 1, 1, 1, 1, 1, 1, 1, 1, 1, 1, 1, 1, 1, 1, 1, 1, 1, 1, 1, 1, -1, -1, -1, -1, -1, -1, -1, -1, -1, -1]
2 [1, -1]
2 [-1, -1]
2 [1, 1]
7 [2, 1, 1, 1, 1, -1]
3 [1, 1, -1]
4 [3, 1]
4 [1, 1, 1, -1]
2 [1, 1]
2 [-1, -1]
3 [1, 1, -1]
11 [1, 1, 1, 1, 1, 1, 1, -1, -1, -1, -1]
6 [1, 1, 1, 1, 1, -1]
2 [1, 1]
7 [2, 2, 1, -1, -1]
3 [2, -1]
2 [1, 1]
4 [2, 1, 1]
2 [1, -1]
4 [3, -1]
2 [1, 1]
3 [2, -1]
2 [1, -1]
23 [2, 1, 1, 1, 1, 1, 1, 1, 1, 1, 1, 1, 1, 1, 1, 1, -1, -1, -1, -1, -1, -1]
