5 [4, 1]
6 [3, 1, 1, -1]
2 [1, -1]
2 [1, 1]
2 [1, -1]
2 [1, -1]
2 [1, -1]
2 [1, -1]
27 [8, 7, 1, 1, 1, 1, 1, 1, 1, 1, -1, -1, -1, -1]
2 [1, -1]
2 [1, 1]
22 [1, 1, 1, 1, 1, 1, 1, 1, 1, 1, 1, 1, 1, 1, 1, 1, -1, -1, -1, -1, -1, -1]
279 [19, 15, 7, 6, 6, 5, 5, 5, 4, 3, 3, 3, 3, 3, 3, 3, 2, 2, 2, 2, 2, 2, 2, 2, 2, 2, 2, 2, 2, 2, 1, 1, 1, 1, 1, 1, 1, 1, 1, 1, 1, 1, 1, 1, 1, 1, 1, 1, 1, 1, 1, 1, 1, 1, 1, 1, 1, 1, 1, 1, 1, 1, 1, 1, 1, 1, 1, 1, 1, 1, 1, 1, 1, 1, 1, 1, 1, 1, 1, 1, 1, 1, 1, 1, 1, 1, 1, 1, 1, 1, 1, 1, 1, 1, 1, 1, 1, 1, 1, 1, 1, 1, 1, 1, 1, 1, 1, 1, 1, 1, 1, 1, 1, 1, 1, 1, 1, 1, 1, 1, 1, 1, 1, 1, 1, 1, 1, 1, 1, 1, 1, 1, -1, -1, -1, -1, -1, -1, -1, -1, -1, -1, -1, -1, -1, -1, -1, -1, -1, -1, -1, -1, -1, -1, -1, -1, -1, -1, -1, -1, -1, -1, -1, -1, -1, -1, -1, -1, -1, -1, -1, -1, -1, -1, -1, -1, -1, -1, -1, -1, -1, -1, -1, -1, -1, -1, -1, -1]
5 [1, 1, 1, 1, -1]
2 [1, 1]
68 [26, 7, 4, 1, 1, 1, 1, 1, 1, 1, 1, 1, 1, 1, 1, 1, 1, 1, 1, 1, 1, 1, 1, 1, 1, 1, 1, 1, -1, -1, -1, -1, -1, -1]
74 [23, 11, 4, 3, 2, 2, 2, 2, 2, 1, 1, 1, 1, 1, 1, 1, 1, 1, 1, 1, 1, 1, 1, 1, 1, 1, 1, 1, -1, -1, -1, -1]
2 [1, -1]
2 [1, 1]
2 [1, 1]
3 [2, 1]
2 [1, -1]
2 [1, 1]
16 [10, 2, 1, 1, 1, 1]
6 [1, 1, 1, -1, -1, -1]
2 [-1, -1]
2 [1, -1]
4 [1, -1, -1, -1]
2 [1, -1]
2 [1, 1]
2 [1, -1]
10 [1, 1, 1, 1, 1, 1, -1, -1, -1, -1]
2 [1, 1]
2 [1, 1]
3 [1, -1, -1]
2 [-1, -1]
2 [1, -1]
4 [3, -1]
3 [1, 1, -1]
2 [1, -1]
2 [-1, -1]
2 [1, 1]
2 [1, 1]
2 [1, 1]
21 [16, 1, 1, 1, 1, -1]
5 [1, -1, -1, -1, -1]
2 [1, -1]
2 [1, 1]
2 [1, -1]
3 [1, 1, 1]
5 [1, 1, -1, -1, -1]
2 [1, 1]
4 [1, 1, 1, -1]
13 [5, 1, 1, 1, 1, 1, 1, 1, 1]
2 [1, 1]
2 [1, 1]
2 [1, -1]
3 [1, 1, -1]
2 [1, -1]
367 [246, 29, 9, 7, 6, 4, 3, 1, 1, 1, 1, 1, 1, 1, 1, 1, 1, 1, 1, 1, 1, 1, 1, 1, 1, 1, 1, 1, 1, 1, 1, 1, 1, 1, 1, 1, 1, 1, 1, 1, 1, 1, 1, 1, 1, -1, -1, -1, -1, -1, -1, -1, -1, -1, -1, -1, -1, -1, -1, -1, -1, -1, -1, -1, -1, -1, -1, -1, -1, -1]
125 [119, 4, 1, 1]
3 [1, 1, -1]
