10 [5, 3, 1, 1]
4 [1, 1, -1, -1]
3 [1, 1, -1]
8 [1, 1, 1, 1, 1, -1, -1, -1]
136 [4, 3, 2, 2, 2, 2, 2, 2, 1, 1, 1, 1, 1, 1, 1, 1, 1, 1, 1, 1, 1, 1, 1, 1, 1, 1, 1, 1, 1, 1, 1, 1, 1, 1, 1, 1, 1, 1, 1, 1, 1, 1, 1, 1, 1, 1, 1, 1, 1, 1, 1, 1, 1, 1, 1, 1, 1, 1, 1, 1, 1, 1, 1, 1, 1, 1, 1, 1, 1, 1, 1, 1, 1, 1, 1, -1, -1, -1, -1, -1, -1, -1, -1, -1, -1, -1, -1, -1, -1, -1, -1, -1, -1, -1, -1, -1, -1, -1, -1, -1, -1, -1, -1, -1, -1, -1, -1, -1, -1, -1, -1, -1, -1, -1, -1, -1, -1, -1, -1, -1, -1, -1, -1, -1, -1]
2 [1, -1]
8 [1, 1, -1, -1, -1, -1, -1, -1]
2 [-1, -1]
11 [3, 2, 1, 1, 1, 1, -1, -1]
2 [1, -1]
2 [1, -1]
13 [2, 1, 1, 1, 1, -1, -1, -1, -1, -1, -1, -1]
2 [1, -1]
3 [1, 1, 1]
2 [1, 1]
13 [3, 1, 1, -1, -1, -1, -1, -1, -1, -1, -1]
2 [-1, -1]
2 [-1, -1]
2 [-1, -1]
2 [-1, -1]
2 [1, 1]
2 [1, -1]
2 [-1, -1]
2 [1, -1]
3 [1, -1, -1]
61 [8, 4, 3, 1, 1, 1, 1, 1, 1, 1, 1, 1, 1, 1, 1, 1, 1, 1, 1, 1, 1, 1, 1, -1, -1, -1, -1, -1, -1, -1, -1, -1, -1, -1, -1, -1, -1, -1, -1, -1, -1, -1, -1, -1, -1, -1, -1, -1, -1]
2 [1, -1]
3 [1, 1, -1]
2 [-1, -1]
2 [1, -1]
2 [-1, -1]
4 [1, 1, 1, -1]
2 [-1, -1]
2 [-1, -1]
2 [1, -1]
2 [1, 1]
2 [1, -1]
4 [2, 1, 1]
2 [1, -1]
2 [1, -1]
2 [1, -1]
5 [1, 1, 1, -1, -1]
21 [2, 1, 1, 1, 1, 1, 1, 1, 1, 1, 1, 1, 1, 1, 1, 1, -1, -1, -1, -1]
2 [1, -1]
2 [1, -1]
2 [1, -1]
19 [1, 1, 1, 1, 1, 1, 1, 1, 1, -1, -1, -1, -1, -1, -1, -1, -1, -1, -1]
2 [1, -1]
45 [4, 3, 2, 1, 1, 1, 1, 1, 1, 1, 1, 1, 1, 1, 1, 1, 1, 1, 1, 1, 1, -1, -1, -1, -1, -1, -1, -1, -1, -1, -1, -1, -1, -1, -1, -1, -1, -1, -1]
2 [1, -1]
2 [1, -1]
2 [1, -1]
2 [1, -1]
8 [-1, -1, -1, -1, -1, -1, -1, -1]
2 [-1, -1]
2 [-1, -1]
6 [3, 1, -1, -1]
2 [1, 1]
4 [3, 1]
2 [-1, -1]
4 [1, 1, 1, 1]
3 [1, 1, -1]
2 [-1, -1]
2 [1, -1]
2 [-1, -1]
3 [1, 1, -1]
2 [-1, -1]
186 [173, 2, 2, 2, 1, 1, 1, 1, -1, -1, -1]
14 [2, 2, 1, 1, 1, 1, 1, 1, -1, -1, -1, -1]
3 [-1, -1, -1]
