14 [4, 3, 1, 1, 1, 1, 1, -1, -1]
4 [1, 1, 1, 1]
2 [1, -1]
21 [18, 1, 1, 1]
4 [1, 1, -1, -1]
3 [-1, -1, -1]
2 [1, -1]
3 [1, -1, -1]
2 [1, -1]
2 [1, 1]
5 [1, -1, -1, -1, -1]
2 [1, 1]
2 [1, -1]
3 [1, 1, -1]
2 [1, -1]
6 [1, 1, 1, -1, -1, -1]
45 [2, 2, 2, 1, 1, 1, 1, 1, 1, 1, 1, 1, 1, 1, 1, 1, 1, 1, 1, 1, 1, 1, 1, 1, 1, 1, 1, -1, -1, -1, -1, -1, -1, -1, -1, -1, -1, -1, -1, -1, -1, -1]
14 [3, 2, 1, 1, 1, 1, 1, -1, -1, -1, -1]
2 [1, -1]
2 [1, -1]
323 [230, 8, 6, 5, 3, 3, 2, 2, 2, 2, 2, 1, 1, 1, 1, 1, 1, 1, 1, 1, 1, 1, 1, 1, 1, 1, 1, 1, 1, 1, 1, 1, 1, 1, 1, 1, 1, 1, 1, 1, 1, 1, 1, 1, 1, 1, 1, -1, -1, -1, -1, -1, -1, -1, -1, -1, -1, -1, -1, -1, -1, -1, -1, -1, -1, -1, -1, -1, -1]
5 [1, 1, -1, -1, -1]
17 [15, 1, -1]
4 [2, 1, 1]
11 [10, 1]
12 [11, 1]
2 [1, -1]
40 [9, 3, 1, 1, 1, 1, 1, 1, 1, 1, 1, 1, 1, 1, 1, 1, 1, 1, -1, -1, -1, -1, -1, -1, -1, -1, -1, -1, -1, -1]
8 [1, 1, 1, 1, -1, -1, -1, -1]
4 [1, 1, 1, 1]
2 [1, 1]
2 [1, 1]
9 [2, 1, 1, 1, 1, 1, 1, -1]
5 [1, 1, 1, 1, -1]
5 [1, 1, 1, 1, 1]
4 [1, 1, -1, -1]
5 [2, 1, 1, -1]
2 [1, 1]
2 [1, -1]
5 [1, 1, 1, -1, -1]
255 [66, 7, 6, 6, 5, 5, 3, 3, 3, 3, 3, 2, 2, 2, 2, 2, 2, 2, 1, 1, 1, 1, 1, 1, 1, 1, 1, 1, 1, 1, 1, 1, 1, 1, 1, 1, 1, 1, 1, 1, 1, 1, 1, 1, 1, 1, 1, 1, 1, 1, 1, 1, 1, 1, 1, 1, 1, 1, 1, 1, 1, 1, 1, 1, 1, 1, 1, 1, 1, 1, 1, 1, 1, 1, 1, 1, 1, 1, 1, 1, 1, 1, 1, 1, 1, 1, 1, 1, 1, 1, 1, 1, 1, 1, 1, 1, 1, 1, 1, 1, 1, 1, 1, 1, 1, 1, -1, -1, -1, -1, -1, -1, -1, -1, -1, -1, -1, -1, -1, -1, -1, -1, -1, -1, -1, -1, -1, -1, -1, -1, -1, -1, -1, -1, -1, -1, -1, -1, -1, -1, -1, -1, -1, -1, -1, -1, -1, -1, -1]
