163 [62, 35, 18, 5, 5, 4, 3, 3, 2, 2, 2, 1, 1, 1, 1, 1, 1, 1, 1, 1, 1, 1, 1, 1, 1, 1, 1, 1, 1, -1, -1, -1, -1]
2 [1, 1]
8 [1, 1, 1, 1, 1, -1, -1, -1]
7 [1, 1, 1, 1, -1, -1, -1]
2 [1, 1]
5 [1, 1, 1, -1, -1]
3 [1, -1, -1]
2 [1, -1]
2 [1, -1]
4 [3, 1]
6 [1, 1, 1, 1, 1, 1]
2 [1, 1]
9 [2, 2, 1, 1, 1, -1, -1]
2 [1, 1]
2 [1, -1]
3 [1, -1, -1]
12 [1, 1, 1, 1, 1, 1, 1, 1, 1, 1, -1, -1]
9 [1, 1, 1, 1, -1, -1, -1, -1, -1]
2 [1, -1]
5 [1, 1, 1, -1, -1]
2 [1, -1]
5 [2, 1, 1, 1]
2 [1, -1]
2 [1, -1]
2 [1, 1]
54 [53, -1]
2 [1, -1]
14 [1, 1, 1, 1, 1, 1, 1, 1, 1, -1, -1, -1, -1, -1]
2 [1, -1]
3 [1, 1, -1]
11 [1, 1, 1, -1, -1, -1, -1, -1, -1, -1, -1]
2 [1, 1]
25 [8, 3, 2, 2, 1, 1, 1, 1, 1, 1, 1, 1, 1, 1]
3 [2, 1]
2 [-1, -1]
3 [1, 1, 1]
