2 [1, -1]
8 [1, 1, 1, 1, 1, 1, 1, -1]
2 [1, -1]
11 [5, 2, 1, 1, 1, -1]
3 [1, -1, -1]
2 [1, -1]
7 [3, 2, 1, 1]
2 [-1, -1]
8 [1, 1, 1, 1, 1, 1, -1, -1]
6 [1, 1, 1, 1, -1, -1]
2 [1, -1]
3 [1, 1, 1]
2 [1, 1]
16 [4, 2, 1, 1, 1, 1, 1, 1, 1, 1, 1, -1]
2 [1, -1]
40 [2, 2, 1, 1, 1, 1, 1, 1, 1, 1, 1, 1, 1, 1, 1, 1, 1, 1, 1, 1, 1, 1, 1, 1, 1, 1, 1, -1, -1, -1, -1, -1, -1, -1, -1, -1, -1, -1]
4 [2, 1, -1]
4 [3, 1]
2 [1, 1]
4 [1, 1, -1, -1]
2 [1, -1]
2 [1, -1]
2 [1, -1]
4 [1, 1, 1, -1]
2 [1, 1]
9 [7, 1, -1]
9 [1, 1, 1, 1, 1, 1, 1, -1, -1]
2 [-1, -1]
5 [1, 1, -1, -1, -1]
2 [-1, -1]
2 [-1, -1]
2 [1, -1]
3 [1, -1, -1]
3 [1, 1, 1]
15 [1, 1, 1, 1, 1, 1, 1, 1, 1, 1, 1, -1, -1, -1, -1]
2 [1, 1]
2 [-1, -1]
3 [2, 1]
5 [1, 1, -1, -1, -1]
2 [1, -1]
3 [1, -1, -1]
6 [2, 1, 1, -1, -1]
3 [1, 1, -1]
2 [-1, -1]
2 [-1, -1]
2 [1, 1]
2 [-1, -1]
19 [2, 1, 1, 1, 1, 1, 1, 1, 1, 1, 1, 1, -1, -1, -1, -1, -1, -1]
2 [1, -1]
12 [1, 1, 1, 1, 1, 1, 1, 1, 1, -1, -1, -1]
2 [1, -1]
3 [1, 1, -1]
4 [1, 1, 1, -1]
2 [1, -1]
3 [1, -1, -1]
2 [-1, -1]
48 [2, 2, 2, 2, 2, 1, 1, 1, 1, 1, 1, 1, 1, 1, 1, 1, 1, 1, 1, 1, 1, 1, 1, 1, 1, 1, 1, 1, 1, 1, 1, 1, 1, 1, -1, -1, -1, -1, -1, -1, -1, -1, -1]
2 [1, -1]
7 [1, 1, 1, -1, -1, -1, -1]
4 [2, 1, -1]
2 [1, -1]
4 [1, 1, -1, -1]
2 [1, -1]
2 [1, -1]
2 [1, -1]
2 [1, -1]
3 [2, 1]
2 [-1, -1]
2 [1, -1]
7 [1, 1, 1, 1, 1, 1, -1]
2 [1, 1]
2 [1, -1]
2 [1, -1]
4 [1, 1, -1, -1]
2 [1, 1]
2 [1, 1]
3 [1, -1, -1]
3 [1, 1, 1]
4 [2, -1, -1]
3 [1, 1, -1]
2 [1, 1]
2 [1, 1]
2 [1, 1]
93 [18, 10, 6, 6, 4, 3, 3, 2, 2, 1, 1, 1, 1, 1, 1, 1, 1, 1, 1, 1, 1, 1, 1, 1, 1, 1, 1, 1, 1, 1, 1, 1, 1, 1, 1, 1, 1, 1, 1, -1, -1, -1, -1, -1, -1, -1, -1, -1]
2 [1, -1]
4 [1, 1, 1, -1]
2 [1, 1]
2 [1, 1]
2 [1, -1]
2 [1, 1]
3 [1, 1, -1]
2 [-1, -1]
3 [1, -1, -1]
3 [1, -1, -1]
6 [1, 1, 1, -1, -1, -1]
4 [1, 1, 1, 1]
2 [1, 1]
5 [2, 1, -1, -1]
3 [1, 1, -1]
7 [1, 1, 1, 1, -1, -1, -1]
2 [1, -1]
2 [1, -1]
3 [1, 1, 1]
2 [-1, -1]
