24 [3, 2, 2, 1, 1, 1, 1, 1, 1, 1, 1, 1, 1, 1, 1, 1, 1, -1, -1, -1]
2 [1, 1]
9 [2, 1, 1, 1, 1, 1, -1, -1]
2 [-1, -1]
8 [1, 1, 1, -1, -1, -1, -1, -1]
6 [1, 1, 1, 1, -1, -1]
86 [19, 14, 8, 3, 2, 2, 2, 1, 1, 1, 1, 1, 1, 1, 1, 1, 1, 1, 1, 1, 1, 1, 1, 1, 1, 1, 1, 1, -1, -1, -1, -1, -1, -1, -1, -1, -1, -1, -1, -1, -1, -1, -1]
2 [1, -1]
14 [7, 5, 1, -1]
2 [1, -1]
2 [1, 1]
4 [2, 1, 1]
2 [1, -1]
3 [1, -1, -1]
4 [2, 1, 1]
9 [1, 1, 1, 1, 1, -1, -1, -1, -1]
4 [1, 1, 1, 1]
4 [1, 1, -1, -1]
3 [1, 1, -1]
2 [1, 1]
2 [1, 1]
15 [7, 1, 1, 1, 1, 1, -1, -1, -1]
5 [1, 1, 1, 1, -1]
2 [1, -1]
3 [1, 1, -1]
4 [1, 1, 1, -1]
3 [1, -1, -1]
2 [1, -1]
4 [1, 1, -1, -1]
2 [1, -1]
2 [1, -1]
3 [1, -1, -1]
3 [1, 1, -1]
5 [1, 1, 1, -1, -1]
6 [1, 1, 1, 1, 1, -1]
18 [1, 1, 1, 1, 1, 1, 1, 1, 1, 1, 1, 1, 1, -1, -1, -1, -1, -1]
2 [1, 1]
3 [2, 1]
3 [1, 1, -1]
2 [1, 1]
23 [6, 2, 1, 1, 1, 1, 1, 1, 1, 1, -1, -1, -1, -1, -1, -1, -1]
2 [1, 1]
7 [6, 1]
2 [1, -1]
2 [1, 1]
3 [1, -1, -1]
14 [1, 1, 1, 1, 1, 1, -1, -1, -1, -1, -1, -1, -1, -1]
14 [1, 1, 1, 1, 1, 1, 1, -1, -1, -1, -1, -1, -1, -1]
4 [3, -1]
2 [-1, -1]
2 [-1, -1]
2 [1, -1]
13 [1, 1, 1, 1, 1, 1, -1, -1, -1, -1, -1, -1, -1]
8 [6, 1, 1]
2 [1, 1]
2 [1, -1]
2 [1, -1]
8 [4, 1, 1, -1, -1]
4 [2, 1, 1]
11 [1, 1, 1, 1, 1, -1, -1, -1, -1, -1, -1]
3 [1, 1, -1]
2 [1, 1]
2 [1, -1]
3 [-1, -1, -1]
2 [1, -1]
3 [2, -1]
3 [1, 1, 1]
2 [1, -1]
2 [-1, -1]
2 [-1, -1]
6 [1, 1, 1, -1, -1, -1]
3 [1, 1, 1]
2 [1, -1]
2 [1, 1]
6 [1, 1, 1, -1, -1, -1]
5 [1, 1, 1, -1, -1]
4 [-1, -1, -1, -1]
