2 [1, -1]
6 [5, 1]
2 [1, -1]
2 [1, 1]
18 [2, 1, 1, 1, 1, 1, 1, 1, 1, 1, 1, 1, 1, 1, -1, -1, -1]
10 [1, 1, 1, 1, 1, 1, -1, -1, -1, -1]
2 [1, 1]
2 [-1, -1]
4 [1, 1, -1, -1]
2 [1, -1]
2 [1, -1]
10 [1, 1, 1, 1, 1, 1, 1, 1, 1, -1]
4 [1, 1, -1, -1]
2 [1, -1]
2 [1, -1]
2 [1, -1]
2 [1, 1]
9 [1, 1, 1, 1, 1, -1, -1, -1, -1]
2 [1, -1]
2 [1, -1]
4 [1, -1, -1, -1]
2 [1, -1]
70 [38, 4, 3, 3, 3, 2, 2, 2, 1, 1, 1, 1, 1, 1, 1, 1, 1, 1, 1, 1, -1]
2 [1, -1]
3 [1, 1, -1]
12 [9, 2, 1]
4 [2, 1, -1]
89 [88, 1]
7 [1, 1, 1, 1, 1, -1, -1]
