2 [1, -1]
2 [1, -1]
13 [11, 1, -1]
2 [1, -1]
2 [-1, -1]
2 [1, 1]
36 [3, 2, 1, 1, 1, 1, 1, 1, 1, 1, 1, 1, 1, 1, 1, 1, 1, 1, 1, 1, 1, 1, -1, -1, -1, -1, -1, -1, -1, -1, -1, -1, -1]
3 [1, 1, -1]
4 [1, 1, -1, -1]
2 [1, -1]
2 [1, -1]
2 [1, -1]
2 [1, -1]
7 [3, 1, -1, -1, -1]
2 [-1, -1]
3 [2, 1]
2 [1, 1]
2 [1, -1]
2 [1, -1]
17 [9, 5, 1, 1, -1]
26 [2, 2, 2, 2, 1, 1, 1, 1, 1, 1, 1, 1, 1, 1, 1, -1, -1, -1, -1, -1, -1, -1]
3 [1, 1, -1]
2 [-1, -1]
6 [5, 1]
2 [1, -1]
2 [1, 1]
2 [1, -1]
2 [1, 1]
2 [1, -1]
2 [1, -1]
2 [1, -1]
36 [18, 2, 1, 1, 1, 1, 1, 1, 1, 1, 1, 1, 1, 1, -1, -1, -1, -1]
51 [33, 11, 5, 1, -1]
2 [1, -1]
15 [2, 1, 1, 1, 1, 1, 1, -1, -1, -1, -1, -1, -1, -1]
4 [1, 1, 1, -1]
5 [1, -1, -1, -1, -1]
3 [2, 1]
4 [1, 1, -1, -1]
7 [1, 1, 1, -1, -1, -1, -1]
85 [3, 2, 2, 1, 1, 1, 1, 1, 1, 1, 1, 1, 1, 1, 1, 1, 1, 1, 1, 1, 1, 1, 1, 1, 1, 1, 1, 1, 1, 1, 1, 1, 1, 1, 1, 1, 1, 1, 1, 1, 1, 1, 1, 1, 1, 1, 1, 1, 1, 1, 1, 1, 1, -1, -1, -1, -1, -1, -1, -1, -1, -1, -1, -1, -1, -1, -1, -1, -1, -1, -1, -1, -1, -1, -1, -1, -1, -1, -1, -1, -1]
3 [2, -1]
3 [1, 1, -1]
3 [2, -1]
3 [1, -1, -1]
2 [1, -1]
24 [18, 3, 1, 1, -1]
2 [1, -1]
4 [1, -1, -1, -1]
2 [1, -1]
2 [1, -1]
3 [2, -1]
3 [1, -1, -1]
448 [69, 11, 11, 10, 7, 7, 6, 5, 4, 4, 4, 3, 3, 3, 2, 2, 2, 2, 2, 2, 2, 2, 2, 2, 2, 2, 2, 2, 1, 1, 1, 1, 1, 1, 1, 1, 1, 1, 1, 1, 1, 1, 1, 1, 1, 1, 1, 1, 1, 1, 1, 1, 1, 1, 1, 1, 1, 1, 1, 1, 1, 1, 1, 1, 1, 1, 1, 1, 1, 1, 1, 1, 1, 1, 1, 1, 1, 1, 1, 1, 1, 1, 1, 1, 1, 1, 1, 1, 1, 1, 1, 1, 1, 1, 1, 1, 1, 1, 1, 1, 1, 1, 1, 1, 1, 1, 1, 1, 1, 1, 1, 1, 1, 1, 1, 1, 1, 1, 1, 1, 1, 1, 1, 1, 1, 1, 1, 1, 1, 1, 1, 1, 1, 1, 1, 1, 1, 1, 1, 1, 1, 1, 1, 1, 1, 1, 1, 1, 1, 1, 1, 1, 1, 1, 1, 1, 1, 1, 1, 1, 1, 1, 1, 1, 1, 1, 1, 1, 1, 1, 1, 1, 1, 1, 1, 1, 1, 1, 1, 1, 1, 1, 1, 1, 1, 1, 1, 1, 1, 1, 1, 1, 1, 1, 1, 1, 1, 1, 1, 1, 1, 1, 1, 1, 1, 1, 1, 1, 1, 1, 1, 1, 1, 1, 1, 1, 1, -1, -1, -1, -1, -1, -1, -1, -1, -1, -1, -1, -1, -1, -1, -1, -1, -1, -1, -1, -1, -1, -1, -1, -1, -1, -1, -1, -1, -1, -1, -1, -1, -1, -1, -1, -1, -1, -1, -1, -1, -1, -1, -1, -1, -1, -1, -1, -1, -1, -1, -1, -1, -1, -1, -1, -1, -1, -1, -1, -1, -1, -1, -1, -1, -1, -1, -1, -1, -1, -1, -1, -1, -1, -1, -1, -1, -1, -1, -1, -1, -1, -1, -1, -1]
2 [1, -1]
2 [1, 1]
2 [1, 1]
13 [1, 1, 1, 1, 1, 1, 1, 1, 1, -1, -1, -1, -1]
2 [1, -1]
2 [1, 1]
4 [1, 1, 1, -1]
4 [2, 1, -1]
2 [1, 1]
2 [1, 1]
2 [1, -1]
6 [5, -1]
6 [1, 1, -1, -1, -1, -1]
38 [22, 3, 2, 1, 1, 1, 1, 1, 1, 1, 1, -1, -1, -1]
2 [1, 1]
2 [1, 1]
3 [1, 1, -1]
2 [1, -1]
2 [1, 1]
5 [1, 1, 1, 1, -1]
2 [1, -1]
7 [1, 1, 1, 1, 1, 1, -1]
2 [1, -1]
2 [1, -1]
3 [1, -1, -1]
2 [-1, -1]
28 [24, 3, 1]
4 [1, 1, 1, -1]
2 [1, -1]
