10 [8, 1, -1]
2 [1, 1]
10 [3, 2, 1, 1, 1, 1, -1]
41 [6, 4, 1, 1, 1, 1, 1, 1, 1, 1, 1, 1, 1, 1, 1, 1, 1, 1, 1, 1, 1, 1, 1, -1, -1, -1, -1, -1, -1, -1, -1, -1, -1]
13 [1, 1, 1, 1, 1, 1, 1, 1, 1, -1, -1, -1, -1]
2 [-1, -1]
3 [1, -1, -1]
2 [-1, -1]
3 [1, 1, -1]
4 [1, 1, 1, -1]
4 [2, 1, -1]
6 [3, 1, 1, -1]
3 [1, 1, -1]
2 [1, -1]
2 [1, -1]
5 [1, 1, 1, 1, -1]
2 [-1, -1]
2 [1, 1]
3 [1, 1, -1]
2 [1, -1]
6 [1, 1, 1, 1, -1, -1]
11 [2, 1, 1, 1, 1, 1, 1, -1, -1, -1]
5 [4, 1]
2 [1, -1]
4 [1, -1, -1, -1]
3 [1, -1, -1]
5 [1, 1, 1, 1, 1]
20 [2, 1, 1, 1, 1, 1, 1, 1, -1, -1, -1, -1, -1, -1, -1, -1, -1, -1, -1]
3 [1, -1, -1]
4 [1, -1, -1, -1]
5 [1, 1, -1, -1, -1]
2 [-1, -1]
7 [1, 1, 1, 1, 1, -1, -1]
4 [2, 2]
2 [1, -1]
2 [1, -1]
3 [-1, -1, -1]
33 [27, 2, 1, 1, 1, 1]
2 [1, 1]
3 [2, -1]
2 [1, 1]
2 [1, -1]
5 [1, 1, 1, 1, 1]
12 [1, 1, 1, 1, 1, 1, 1, 1, 1, -1, -1, -1]
2 [1, 1]
2 [-1, -1]
3 [1, 1, 1]
2 [1, 1]
2 [1, 1]
11 [7, 2, -1, -1]
2 [1, -1]
4 [1, 1, -1, -1]
6 [1, 1, 1, -1, -1, -1]
2 [1, -1]
5 [1, 1, 1, 1, 1]
6 [2, 1, 1, -1, -1]
2 [1, 1]
3 [1, 1, -1]
2 [1, -1]
4 [2, -1, -1]
19 [1, 1, 1, 1, 1, 1, 1, 1, 1, -1, -1, -1, -1, -1, -1, -1, -1, -1, -1]
2 [1, 1]
7 [2, 1, 1, -1, -1, -1]
2 [1, 1]
3 [-1, -1, -1]
4 [-1, -1, -1, -1]
2 [1, -1]
2 [1, -1]
3 [2, 1]
3 [1, 1, -1]
2 [1, 1]
4 [1, 1, 1, 1]
2 [1, -1]
2 [1, -1]
116 [8, 3, 3, 2, 2, 2, 2, 1, 1, 1, 1, 1, 1, 1, 1, 1, 1, 1, 1, 1, 1, 1, 1, 1, 1, 1, 1, 1, 1, 1, 1, 1, 1, 1, 1, 1, 1, 1, 1, 1, 1, 1, 1, 1, 1, 1, 1, 1, 1, 1, 1, 1, 1, 1, 1, 1, 1, 1, 1, 1, 1, 1, 1, 1, 1, 1, 1, 1, 1, 1, -1, -1, -1, -1, -1, -1, -1, -1, -1, -1, -1, -1, -1, -1, -1, -1, -1, -1, -1, -1, -1, -1, -1, -1, -1, -1, -1, -1, -1, -1, -1]
30 [8, 1, 1, 1, 1, 1, 1, 1, 1, 1, 1, 1, 1, 1, 1, 1, -1, -1, -1, -1, -1, -1, -1]
11 [2, 1, 1, 1, 1, -1, -1, -1, -1, -1]
2 [1, -1]
2 [1, 1]
3 [1, 1, 1]
20 [4, 2, 2, 1, 1, 1, 1, 1, 1, 1, -1, -1, -1, -1, -1]
3 [1, 1, -1]
5 [4, 1]
