2 [1, -1]
51 [24, 12, 10, 4, -1]
4 [1, 1, 1, 1]
2 [1, -1]
2 [1, -1]
2 [1, 1]
2 [-1, -1]
3 [1, 1, -1]
2 [1, 1]
6 [1, 1, 1, 1, -1, -1]
3 [1, 1, -1]
2 [1, -1]
3 [1, 1, -1]
66 [4, 2, 1, 1, 1, 1, 1, 1, 1, 1, 1, 1, 1, 1, 1, 1, 1, 1, 1, 1, 1, 1, 1, 1, 1, 1, 1, 1, 1, 1, 1, 1, 1, 1, 1, 1, 1, -1, -1, -1, -1, -1, -1, -1, -1, -1, -1, -1, -1, -1, -1, -1, -1, -1, -1, -1, -1, -1, -1, -1, -1, -1]
2 [1, -1]
2 [1, -1]
2 [-1, -1]
28 [2, 1, 1, 1, 1, 1, 1, 1, 1, 1, 1, 1, 1, 1, 1, 1, 1, -1, -1, -1, -1, -1, -1, -1, -1, -1, -1]
4 [2, -1, -1]
4 [1, 1, 1, -1]
8 [2, 1, 1, 1, -1, -1, -1]
2 [-1, -1]
2 [1, 1]
2 [1, -1]
3 [2, 1]
