22 [6, 5, 2, 1, 1, 1, 1, 1, 1, -1, -1, -1]
4 [1, -1, -1, -1]
2 [1, 1]
7 [1, 1, -1, -1, -1, -1, -1]
2 [-1, -1]
2 [1, -1]
12 [3, 2, 1, 1, 1, 1, -1, -1, -1]
601 [189, 80, 62, 55, 38, 12, 9, 3, 3, 3, 2, 2, 2, 2, 2, 2, 2, 1, 1, 1, 1, 1, 1, 1, 1, 1, 1, 1, 1, 1, 1, 1, 1, 1, 1, 1, 1, 1, 1, 1, 1, 1, 1, 1, 1, 1, 1, 1, 1, 1, 1, 1, 1, 1, 1, 1, 1, 1, 1, 1, 1, 1, 1, 1, 1, 1, 1, 1, 1, 1, 1, 1, 1, 1, 1, 1, 1, 1, 1, 1, 1, 1, 1, 1, 1, 1, 1, 1, 1, 1, 1, 1, 1, 1, 1, 1, 1, -1, -1, -1, -1, -1, -1, -1, -1, -1, -1, -1, -1, -1, -1, -1, -1, -1, -1, -1, -1, -1, -1, -1, -1, -1, -1, -1, -1, -1, -1, -1, -1, -1, -1, -1, -1, -1, -1, -1, -1, -1, -1, -1, -1, -1, -1, -1, -1, -1, -1, -1, -1, -1]
4 [2, 1, 1]
2 [1, 1]
9 [2, 2, 1, 1, 1, 1, -1]
2 [1, -1]
8 [3, 2, 1, -1, -1]
26 [5, 2, 2, 1, 1, 1, 1, 1, 1, 1, 1, 1, 1, 1, -1, -1, -1, -1, -1, -1]
