15 [14, -1]
13 [3, 1, 1, 1, 1, 1, 1, 1, -1, -1, -1]
4 [1, 1, 1, 1]
2 [1, -1]
23 [22, 1]
5 [4, 1]
8 [3, 1, 1, -1, -1, -1]
46 [14, 1, 1, 1, 1, 1, 1, 1, 1, 1, 1, 1, 1, 1, 1, 1, 1, 1, 1, 1, 1, 1, 1, 1, 1, -1, -1, -1, -1, -1, -1, -1, -1]
6 [2, 2, 1, -1]
3 [2, 1]
2 [1, -1]
11 [1, 1, 1, 1, 1, 1, 1, 1, -1, -1, -1]
2 [1, -1]
3 [2, 1]
3 [1, 1, 1]
2 [-1, -1]
8 [1, 1, 1, 1, 1, -1, -1, -1]
5 [1, 1, 1, 1, -1]
5 [1, 1, 1, 1, -1]
2 [1, -1]
2 [1, 1]
9 [1, 1, 1, 1, 1, 1, 1, 1, -1]
2 [1, -1]
2 [1, -1]
33 [3, 3, 2, 2, 1, 1, 1, 1, 1, 1, 1, 1, 1, 1, 1, 1, 1, 1, 1, 1, 1, -1, -1, -1, -1, -1, -1]
2 [1, -1]
2 [1, 1]
41 [17, 11, 1, 1, 1, 1, 1, 1, 1, 1, 1, 1, -1, -1, -1]
2 [1, 1]
4 [1, 1, 1, -1]
6 [1, 1, 1, 1, -1, -1]
2 [1, 1]
5 [1, 1, -1, -1, -1]
2 [1, 1]
3 [1, -1, -1]
2 [-1, -1]
33 [6, 2, 2, 1, 1, 1, 1, 1, 1, 1, 1, 1, 1, 1, 1, 1, 1, 1, -1, -1, -1, -1, -1, -1, -1, -1]
2 [-1, -1]
3 [1, -1, -1]
3 [2, 1]
39 [4, 3, 3, 2, 2, 2, 1, 1, 1, 1, 1, 1, 1, 1, 1, 1, 1, 1, 1, 1, 1, 1, 1, -1, -1, -1, -1, -1, -1]
3 [1, 1, 1]
12 [2, 1, 1, 1, 1, 1, -1, -1, -1, -1, -1]
3 [1, 1, -1]
29 [1, 1, 1, 1, 1, 1, 1, 1, 1, 1, 1, 1, 1, 1, 1, -1, -1, -1, -1, -1, -1, -1, -1, -1, -1, -1, -1, -1, -1]
2 [1, 1]
4 [1, 1, 1, -1]
5 [1, 1, -1, -1, -1]
2 [-1, -1]
2 [1, -1]
2 [1, -1]
2 [1, -1]
2 [1, 1]
2 [1, -1]
6 [4, 1, 1]
2 [1, -1]
2 [-1, -1]
2 [1, 1]
8 [6, 1, 1]
6 [5, -1]
22 [6, 2, 2, 1, 1, 1, 1, 1, 1, 1, 1, -1, -1, -1, -1]
6 [1, 1, 1, -1, -1, -1]
5 [1, 1, -1, -1, -1]
2 [1, 1]
10 [4, 2, 1, -1, -1, -1]
2 [1, -1]
2 [-1, -1]
2 [-1, -1]
2 [-1, -1]
3 [2, -1]
2 [1, 1]
4 [2, 1, -1]
4 [2, 1, 1]
3 [1, -1, -1]
13 [10, 1, 1, 1]
2 [1, 1]
163 [22, 8, 6, 4, 4, 3, 2, 2, 2, 2, 2, 2, 1, 1, 1, 1, 1, 1, 1, 1, 1, 1, 1, 1, 1, 1, 1, 1, 1, 1, 1, 1, 1, 1, 1, 1, 1, 1, 1, 1, 1, 1, 1, 1, 1, 1, 1, 1, 1, 1, 1, 1, 1, 1, 1, 1, 1, 1, 1, 1, 1, 1, 1, 1, 1, 1, 1, 1, 1, 1, 1, 1, 1, 1, 1, 1, 1, 1, -1, -1, -1, -1, -1, -1, -1, -1, -1, -1, -1, -1, -1, -1, -1, -1, -1, -1, -1, -1, -1, -1, -1, -1, -1, -1, -1, -1, -1, -1, -1, -1, -1, -1, -1, -1, -1, -1]
39 [2, 1, 1, 1, 1, 1, 1, 1, 1, 1, 1, 1, 1, 1, 1, 1, 1, 1, 1, 1, 1, -1, -1, -1, -1, -1, -1, -1, -1, -1, -1, -1, -1, -1, -1, -1, -1, -1]
2 [1, -1]
2 [1, -1]
2 [1, 1]
2 [1, -1]
2 [1, -1]
14 [2, 1, 1, 1, 1, 1, 1, 1, 1, 1, 1, 1, -1]
2 [1, -1]
2 [1, 1]
3 [1, -1, -1]
2 [-1, -1]
16 [2, 1, 1, 1, 1, 1, 1, -1, -1, -1, -1, -1, -1, -1, -1]
2 [1, 1]
7 [1, 1, 1, 1, 1, -1, -1]
4 [1, 1, 1, -1]
2 [1, 1]
2 [-1, -1]
2 [1, -1]
34 [29, 5]
2 [-1, -1]
