5 [1, 1, -1, -1, -1]
3 [1, 1, -1]
3 [1, 1, 1]
2 [1, 1]
7 [2, 1, -1, -1, -1, -1]
2 [1, -1]
2 [-1, -1]
2 [1, -1]
10 [1, 1, 1, 1, 1, 1, -1, -1, -1, -1]
17 [8, 3, 1, 1, 1, 1, -1, -1]
3 [1, -1, -1]
3 [1, 1, 1]
241 [184, 36, 5, 3, 1, 1, 1, 1, 1, 1, -1, -1, -1, -1, -1, -1, -1]
3 [2, 1]
6 [1, 1, 1, 1, 1, -1]
9 [3, 1, 1, 1, 1, 1, -1]
4 [1, 1, 1, -1]
2 [-1, -1]
6 [2, 1, 1, -1, -1]
9 [2, 1, 1, 1, 1, -1, -1, -1]
2 [1, -1]
6 [1, 1, 1, -1, -1, -1]
3 [-1, -1, -1]
6 [5, -1]
2 [1, -1]
3 [1, 1, -1]
2 [1, -1]
2 [-1, -1]
2 [1, -1]
2 [1, 1]
2 [1, 1]
2 [1, -1]
7 [1, 1, 1, 1, 1, 1, -1]
17 [2, 1, 1, 1, 1, 1, 1, 1, 1, -1, -1, -1, -1, -1, -1, -1]
7 [3, 1, -1, -1, -1]
3 [-1, -1, -1]
22 [2, 2, 1, 1, 1, 1, 1, 1, 1, 1, 1, 1, -1, -1, -1, -1, -1, -1, -1, -1]
2 [1, 1]
2 [1, -1]
3 [-1, -1, -1]
12 [6, 1, 1, 1, 1, -1, -1]
2 [1, -1]
2 [1, -1]
4 [1, 1, -1, -1]
3 [2, 1]
2 [1, -1]
4 [1, 1, 1, -1]
124 [74, 5, 4, 3, 2, 2, 2, 1, 1, 1, 1, 1, 1, 1, 1, 1, 1, 1, 1, 1, 1, 1, 1, 1, 1, 1, 1, 1, 1, 1, 1, -1, -1, -1, -1, -1, -1, -1, -1]
