1819 [1333, 372, 60, 10, 6, 3, 2, 2, 1, 1, 1, 1, 1, 1, 1, 1, 1, 1, 1, 1, 1, 1, 1, 1, 1, 1, 1, 1, 1, 1, 1, -1, -1, -1, -1, -1, -1, -1, -1]
8 [1, 1, 1, 1, 1, -1, -1, -1]
6 [5, -1]
3 [1, -1, -1]
5 [1, 1, 1, 1, -1]
5 [2, 1, 1, -1]
5 [3, 1, -1]
7 [1, 1, 1, 1, -1, -1, -1]
5 [3, 1, -1]
2 [1, 1]
2 [-1, -1]
2 [1, -1]
2 [1, -1]
2 [1, -1]
7 [2, 1, 1, 1, -1, -1]
2 [1, -1]
2 [1, 1]
2 [1, -1]
2 [1, -1]
4 [1, 1, 1, 1]
17 [1, 1, 1, 1, 1, 1, 1, 1, 1, 1, 1, 1, -1, -1, -1, -1, -1]
5 [1, 1, -1, -1, -1]
3 [1, -1, -1]
3 [2, 1]
7 [2, 1, 1, -1, -1, -1]
2 [1, 1]
4 [1, 1, 1, 1]
2 [1, -1]
2 [1, 1]
2 [1, 1]
2 [1, 1]
3 [2, -1]
2 [-1, -1]
6 [2, -1, -1, -1, -1]
11 [10, -1]
2 [1, -1]
24 [9, 3, 2, 1, 1, 1, 1, 1, 1, -1, -1, -1, -1]
3 [1, -1, -1]
3 [1, -1, -1]
5 [1, 1, -1, -1, -1]
2 [-1, -1]
9 [1, 1, 1, 1, 1, 1, -1, -1, -1]
2 [1, -1]
2 [1, -1]
2 [-1, -1]
