78 [5, 3, 2, 2, 2, 2, 2, 1, 1, 1, 1, 1, 1, 1, 1, 1, 1, 1, 1, 1, 1, 1, 1, 1, 1, 1, 1, 1, 1, 1, 1, 1, 1, 1, 1, 1, 1, 1, 1, 1, 1, 1, 1, 1, 1, 1, 1, 1, 1, 1, 1, 1, 1, 1, 1, 1, -1, -1, -1, -1, -1, -1, -1, -1, -1, -1, -1]
2 [1, -1]
2 [1, -1]
2 [-1, -1]
2 [1, -1]
3 [1, 1, -1]
47 [2, 1, 1, 1, 1, 1, 1, 1, 1, 1, 1, 1, 1, 1, 1, 1, 1, 1, 1, 1, 1, 1, 1, 1, 1, 1, 1, 1, 1, 1, 1, 1, -1, -1, -1, -1, -1, -1, -1, -1, -1, -1, -1, -1, -1, -1]
2 [1, -1]
3 [1, 1, -1]
2 [1, 1]
5 [1, 1, 1, -1, -1]
7 [3, 1, 1, 1, -1]
2 [-1, -1]
4 [2, 1, -1]
3 [1, 1, 1]
7 [2, 1, 1, 1, -1, -1]
2 [-1, -1]
3 [1, 1, 1]
5 [1, -1, -1, -1, -1]
3 [1, 1, -1]
2 [1, 1]
2 [-1, -1]
2 [1, -1]
2 [-1, -1]
2 [1, -1]
2 [1, -1]
2 [1, -1]
2 [1, -1]
3 [1, -1, -1]
6 [1, 1, 1, 1, 1, -1]
3 [2, 1]
2 [1, -1]
6 [1, 1, 1, 1, 1, -1]
11 [10, 1]
4 [1, 1, 1, -1]
2 [1, -1]
2 [-1, -1]
5 [2, 2, -1]
4 [1, 1, 1, -1]
2 [1, -1]
2 [1, -1]
3 [2, -1]
2 [-1, -1]
2 [1, 1]
2 [1, 1]
7 [1, 1, 1, -1, -1, -1, -1]
2 [1, 1]
3 [1, 1, 1]
3 [1, 1, -1]
6 [1, 1, 1, 1, 1, 1]
3 [2, 1]
2 [1, 1]
4 [1, 1, 1, -1]
2 [1, -1]
3 [1, -1, -1]
2 [-1, -1]
2 [1, -1]
2 [1, -1]
6 [1, 1, 1, 1, -1, -1]
12 [1, 1, 1, 1, 1, 1, 1, 1, -1, -1, -1, -1]
13 [1, 1, 1, 1, 1, 1, 1, 1, -1, -1, -1, -1, -1]
3 [1, 1, 1]
2 [1, -1]
2 [1, 1]
2 [1, 1]
2 [1, -1]
2 [1, -1]
14 [1, 1, 1, 1, 1, 1, -1, -1, -1, -1, -1, -1, -1, -1]
2 [1, -1]
2 [-1, -1]
2 [1, -1]
2 [1, 1]
3 [1, -1, -1]
2 [1, 1]
2 [1, -1]
3 [-1, -1, -1]
2 [1, -1]
2 [1, 1]
2 [1, 1]
2 [1, -1]
2 [-1, -1]
2 [1, -1]
3 [1, 1, 1]
4 [1, 1, 1, 1]
672 [107, 38, 29, 10, 7, 7, 7, 6, 6, 5, 5, 4, 4, 3, 3, 3, 3, 3, 3, 2, 2, 2, 2, 2, 2, 2, 2, 2, 2, 2, 2, 2, 2, 2, 2, 2, 2, 2, 2, 2, 2, 2, 2, 2, 1, 1, 1, 1, 1, 1, 1, 1, 1, 1, 1, 1, 1, 1, 1, 1, 1, 1, 1, 1, 1, 1, 1, 1, 1, 1, 1, 1, 1, 1, 1, 1, 1, 1, 1, 1, 1, 1, 1, 1, 1, 1, 1, 1, 1, 1, 1, 1, 1, 1, 1, 1, 1, 1, 1, 1, 1, 1, 1, 1, 1, 1, 1, 1, 1, 1, 1, 1, 1, 1, 1, 1, 1, 1, 1, 1, 1, 1, 1, 1, 1, 1, 1, 1, 1, 1, 1, 1, 1, 1, 1, 1, 1, 1, 1, 1, 1, 1, 1, 1, 1, 1, 1, 1, 1, 1, 1, 1, 1, 1, 1, 1, 1, 1, 1, 1, 1, 1, 1, 1, 1, 1, 1, 1, 1, 1, 1, 1, 1, 1, 1, 1, 1, 1, 1, 1, 1, 1, 1, 1, 1, 1, 1, 1, 1, 1, 1, 1, 1, 1, 1, 1, 1, 1, 1, 1, 1, 1, 1, 1, 1, 1, 1, 1, 1, 1, 1, 1, 1, 1, 1, 1, 1, 1, 1, 1, 1, 1, 1, 1, 1, 1, 1, 1, 1, 1, 1, 1, 1, 1, 1, 1, 1, 1, 1, 1, 1, 1, 1, 1, 1, 1, 1, 1, 1, 1, 1, 1, 1, 1, 1, 1, 1, 1, 1, 1, 1, 1, 1, 1, 1, 1, 1, 1, 1, 1, 1, 1, -1, -1, -1, -1, -1, -1, -1, -1, -1, -1, -1, -1, -1, -1, -1, -1, -1, -1, -1, -1, -1, -1, -1, -1, -1, -1, -1, -1, -1, -1, -1, -1, -1, -1, -1, -1, -1, -1, -1, -1, -1, -1, -1, -1, -1, -1, -1, -1, -1, -1, -1, -1, -1, -1, -1, -1, -1, -1, -1, -1, -1, -1, -1, -1, -1, -1, -1, -1, -1, -1, -1, -1, -1, -1, -1, -1, -1, -1, -1, -1, -1, -1, -1, -1, -1, -1, -1, -1, -1, -1, -1, -1, -1, -1, -1, -1, -1, -1, -1, -1, -1, -1, -1, -1, -1, -1, -1, -1, -1, -1, -1, -1, -1, -1, -1, -1, -1, -1, -1, -1, -1, -1, -1, -1, -1, -1, -1, -1, -1, -1, -1, -1, -1, -1, -1, -1, -1, -1, -1, -1, -1]
10 [7, 2, 1]
22 [4, 2, 2, 2, 1, 1, 1, 1, 1, 1, 1, 1, 1, 1, -1, -1]
2 [1, -1]
2 [1, -1]
4 [1, -1, -1, -1]
8 [2, 1, 1, 1, 1, 1, 1]
7 [2, 1, 1, 1, 1, -1]
3 [2, 1]
3 [2, 1]
