3 [1, 1, 1]
2 [1, -1]
21 [2, 1, 1, 1, 1, 1, 1, 1, 1, 1, 1, 1, 1, 1, 1, -1, -1, -1, -1, -1]
9 [1, 1, 1, 1, -1, -1, -1, -1, -1]
2 [1, 1]
2 [-1, -1]
14 [2, 2, 1, 1, 1, 1, 1, 1, 1, 1, -1, -1]
4 [3, 1]
3 [2, 1]
2 [1, -1]
4 [1, 1, -1, -1]
22 [9, 2, 1, 1, 1, 1, 1, 1, 1, -1, -1, -1, -1]
3 [1, 1, 1]
2 [1, -1]
2 [1, -1]
2 [1, 1]
2 [-1, -1]
2 [1, -1]
2 [-1, -1]
2 [1, 1]
2 [1, -1]
2 [1, 1]
2 [-1, -1]
2 [1, 1]
64 [46, 5, 1, 1, 1, 1, 1, 1, -1, -1, -1, -1, -1, -1, -1]
4 [1, 1, 1, -1]
38 [7, 7, 3, 3, 3, 1, 1, 1, 1, 1, 1, 1, 1, 1, 1, 1, 1, 1, -1, -1]
41 [12, 5, 2, 2, 2, 2, 1, 1, 1, 1, 1, 1, 1, 1, 1, 1, 1, 1, 1, 1, -1, -1]
2 [1, 1]
21 [15, 2, 2, 1, -1]
2 [1, -1]
22 [5, 2, 2, 2, 1, 1, 1, 1, 1, 1, 1, -1, -1, -1, -1]
2 [1, -1]
10 [1, 1, 1, 1, 1, 1, 1, 1, -1, -1]
3 [2, 1]
